1,0,1287.14,494.17,173.53,206.28,1,1,0.93811
1,1,1513.33,494.18,174.57,205.11,1,1,0.93743
1,2,1200.66,341.14,128.52,236.25,1,1,0.93426
1,3,147.99,172.25,115.45,247.52,1,1,0.9287
1,4,634.37,483.51,139.5,210.27,1,1,0.92791
1,5,1038.95,530.9,144.81,296.9,1,1,0.92518
1,6,616.36,326.99,149.86,231.75,1,1,0.92256
1,7,409.32,460.26,163.46,239.94,1,1,0.92031
1,8,830.84,487.88,102.39,330.39,1,1,0.91542
1,9,882.21,470.59,123.62,208.59,1,1,0.90857
1,10,1423.1,463.87,119.21,162.32,1,1,0.85437
1,11,1878.79,262.02,40.21,271.45,1,1,0.84626
1,12,1090.63,489.52,140.62,211.75,1,1,0.78329
2,0,1287.12,495.13,173.91,206.59,1,1,0.92593
2,1,1513.16,494.62,175.45,206.13,1,1,0.93035
2,2,1199.08,342.12,130.21,237.6,1,1,0.92477
2,3,146.17,173.18,117.47,248.91,1,1,0.91121
2,4,634.1,485.16,139.98,209.98,1,1,0.91762
2,5,1038.38,531.68,145.71,297.27,1,1,0.91255
2,6,616.27,327.96,150.72,232.86,1,1,0.91266
2,7,409.77,466.01,163.46,235.6,1,1,0.91572
2,8,830.98,488.61,102.84,330.89,1,1,0.90597
2,9,881.29,470.88,126.11,210.22,1,1,0.89312
2,10,1423.32,463.38,120.27,166.55,1,1,0.84019
2,11,1878.7,265.01,40.3,272.5,1,1,0.83728
2,12,1087.58,490.35,144.98,212.65,1,1,0.8128
3,0,1285.79,495.55,173.43,206.21,1,1,0.92722
3,1,1511.91,494.33,175.16,206.14,1,1,0.93033
3,2,1196.69,342.24,131.21,237.59,1,1,0.92438
3,3,145.08,173.44,117.05,249.08,1,1,0.9141
3,4,633.38,484.11,139.43,211.09,1,1,0.92099
3,5,1037.31,531.28,145.63,297.38,1,1,0.91549
3,6,615.24,327.88,150.31,233.23,1,1,0.91559
3,7,408.81,466.44,162.73,235.11,1,1,0.91524
3,8,829.46,488.67,102.32,330.73,1,1,0.90916
3,9,878.93,471.06,127.31,209.9,1,1,0.89707
3,10,1422.22,463.53,120.37,164.37,1,1,0.8488
3,11,1878.63,265.29,39.99,272.52,1,1,0.83378
3,12,1083.42,490.13,147.86,213.14,1,1,0.82656
3,13,445.04,432.44,114.62,99.33,1,1,0.73907
4,0,1283.69,495.52,172.72,205.75,1,1,0.93175
4,1,1510.01,494.43,174.18,204.93,1,1,0.93145
4,2,1192.47,342.05,132.4,236.16,1,1,0.92957
4,3,142.6,173.47,116.32,249.14,1,1,0.92105
4,4,631.16,483.19,139.75,211.7,1,1,0.92462
4,5,1035.24,531.0,145.18,297.12,1,1,0.92351
4,6,613.36,327.46,149.53,233.01,1,1,0.91041
4,7,406.31,467.6,162.49,233.44,1,1,0.91787
4,8,826.67,487.84,102.24,331.05,1,1,0.91316
4,9,875.66,470.64,127.51,209.42,1,1,0.90774
4,10,1419.89,462.79,121.07,164.94,1,1,0.8605
4,11,1878.97,263.52,39.39,271.14,1,1,0.84082
4,12,1081.99,489.92,146.84,212.77,1,1,0.839
4,13,441.51,432.64,118.71,104.42,1,1,0.65179
5,0,1282.5,495.75,172.43,206.18,1,1,0.92829
5,1,1508.77,494.67,173.95,205.07,1,1,0.93052
5,2,1189.86,342.21,133.38,236.16,1,1,0.927
5,3,140.07,173.79,116.33,249.64,1,1,0.91914
5,4,630.02,483.59,139.89,211.68,1,1,0.92252
5,5,1034.17,531.44,145.16,296.95,1,1,0.92012
5,6,613.35,327.25,148.17,232.98,1,1,0.90084
5,7,405.19,467.01,162.92,234.43,1,1,0.91459
5,8,824.97,487.98,102.4,331.6,1,1,0.9095
5,9,873.97,471.25,127.63,209.44,1,1,0.90648
5,10,1417.85,461.87,122.82,164.73,1,1,0.86362
5,11,1879.46,265.38,39.26,268.68,1,1,0.83234
5,12,1082.5,490.51,145.0,212.85,1,1,0.83571
6,0,1281.17,495.41,171.59,206.12,1,1,0.92335
6,1,1507.79,494.47,173.31,205.02,1,1,0.92857
6,2,1187.76,341.86,134.48,237.09,1,1,0.92292
6,3,137.39,174.82,115.97,249.26,1,1,0.91503
6,4,628.34,483.06,140.12,212.15,1,1,0.92005
6,5,1033.0,532.23,145.04,295.91,1,1,0.91804
6,6,611.87,327.59,147.73,232.62,1,1,0.90005
6,7,404.33,466.53,163.06,234.33,1,1,0.9101
6,8,822.65,487.94,103.0,331.43,1,1,0.90322
6,9,870.77,471.13,129.61,209.96,1,1,0.90356
6,10,1415.89,460.95,123.81,165.64,1,1,0.86078
6,11,1877.92,283.08,40.89,249.99,1,1,0.84805
6,12,1083.36,490.57,143.33,213.53,1,1,0.84536
7,0,1283.45,495.48,172.41,206.66,1,1,0.92618
7,1,1509.59,494.54,174.17,205.43,1,1,0.92952
7,2,1190.16,342.4,135.55,237.39,1,1,0.92172
7,3,139.03,176.02,115.71,249.01,1,1,0.91171
7,4,631.21,483.41,139.42,211.77,1,1,0.92138
7,5,1034.8,532.45,145.27,296.09,1,1,0.91812
7,6,614.78,327.51,147.13,232.09,1,1,0.89756
7,7,406.62,466.29,163.57,234.87,1,1,0.9099
7,8,824.86,488.19,102.93,331.48,1,1,0.90579
7,9,873.27,471.59,129.35,210.04,1,1,0.90448
7,10,1419.3,460.35,124.16,166.92,1,1,0.86399
7,11,1880.11,273.51,40.0,261.1,1,1,0.82823
7,12,1082.88,490.4,146.13,214.24,1,1,0.84144
7,13,442.55,439.66,125.36,109.73,1,1,0.66832
8,0,1283.16,495.41,172.43,206.32,1,1,0.92793
8,1,1509.19,494.42,174.48,206.15,1,1,0.93159
8,2,1189.63,342.94,137.23,237.58,1,1,0.92284
8,3,137.29,177.85,115.01,248.24,1,1,0.91607
8,4,630.95,483.33,138.62,211.85,1,1,0.9227
8,5,1034.93,532.44,144.32,295.69,1,1,0.91956
8,6,614.22,328.73,146.32,231.59,1,1,0.89533
8,7,406.87,465.94,163.31,235.61,1,1,0.90787
8,8,823.91,487.91,103.96,332.13,1,1,0.90039
8,9,872.78,471.95,129.15,209.96,1,1,0.90656
8,10,1419.67,461.81,123.34,164.53,1,1,0.8723
8,11,1878.6,269.89,40.83,265.35,1,1,0.84801
8,12,1083.52,490.16,144.9,214.86,1,1,0.85384
8,13,443.32,441.7,126.95,122.2,1,1,0.72118
9,0,1282.95,495.0,172.24,206.15,1,1,0.92785
9,1,1508.92,494.07,174.82,206.37,1,1,0.93087
9,2,1189.93,342.47,137.87,238.17,1,1,0.92209
9,3,135.52,178.54,114.34,248.12,1,1,0.91811
9,4,630.66,482.68,138.41,212.17,1,1,0.92227
9,5,1034.91,532.43,143.96,295.24,1,1,0.91889
9,6,614.07,328.34,145.59,231.96,1,1,0.89358
9,7,406.72,465.1,163.84,236.0,1,1,0.90531
9,8,823.44,487.39,104.75,332.29,1,1,0.90165
9,9,872.36,471.54,129.34,209.94,1,1,0.90838
9,10,1419.62,462.5,122.68,162.93,1,1,0.8685
9,11,1877.66,269.05,41.58,266.26,1,1,0.85368
9,12,1082.29,489.66,145.74,215.14,1,1,0.85811
9,13,442.45,441.85,129.56,127.61,1,1,0.70777
10,0,1283.05,494.58,172.71,206.14,1,1,0.92909
10,1,1508.99,493.77,174.89,206.18,1,1,0.93099
10,2,1190.86,341.9,138.9,238.54,1,1,0.92031
10,3,133.53,179.3,114.69,247.73,1,1,0.92046
10,4,630.43,482.46,138.43,211.95,1,1,0.92132
10,5,1035.17,532.51,143.63,294.79,1,1,0.92073
10,6,614.57,328.48,145.07,230.98,1,1,0.8918
10,7,407.19,464.73,165.08,235.82,1,1,0.90267
10,8,823.4,487.25,105.65,331.73,1,1,0.90081
10,9,872.4,471.16,129.21,209.95,1,1,0.9067
10,10,1419.8,462.3,121.32,162.2,1,1,0.86978
10,11,1877.64,272.13,41.69,262.74,1,1,0.85195
10,12,1083.86,489.38,144.49,214.94,1,1,0.85813
10,13,442.17,441.94,131.82,127.95,1,1,0.66727
11,0,1284.06,494.51,172.45,206.03,1,1,0.93355
11,1,1509.88,493.45,174.56,206.39,1,1,0.93688
11,2,1194.11,341.74,138.2,237.97,1,1,0.9247
11,3,132.42,180.33,114.85,247.06,1,1,0.92118
11,4,631.29,482.49,138.1,211.74,1,1,0.92365
11,5,1035.98,532.28,143.6,294.95,1,1,0.9244
11,6,615.03,328.74,144.69,230.7,1,1,0.89596
11,7,408.2,464.74,165.87,235.7,1,1,0.90496
11,8,824.15,487.51,105.63,331.43,1,1,0.90304
11,9,873.75,471.06,128.3,209.53,1,1,0.91068
11,10,1420.59,461.69,118.91,162.42,1,1,0.87002
11,11,1878.38,274.56,41.22,259.89,1,1,0.85045
11,12,1086.65,489.29,142.37,214.55,1,1,0.85478
11,13,443.19,442.26,133.36,130.97,1,1,0.68192
12,0,1286.09,496.01,173.13,206.36,1,1,0.94178
12,1,1512.4,494.61,174.27,206.83,1,1,0.94012
12,2,1198.54,343.16,138.48,237.14,1,1,0.93085
12,3,132.53,183.3,115.42,245.96,1,1,0.92274
12,4,633.21,484.69,137.98,211.04,1,1,0.92706
12,5,1038.0,533.52,143.9,295.26,1,1,0.92906
12,6,617.69,331.12,144.79,229.12,1,1,0.90995
12,7,409.87,461.43,168.1,241.21,1,1,0.91322
12,8,826.83,489.38,104.82,330.81,1,1,0.90719
12,9,876.48,472.74,128.09,208.76,1,1,0.91268
12,10,1423.39,462.87,115.93,163.13,1,1,0.8802
12,11,1880.98,267.86,39.16,268.19,1,1,0.85187
12,12,1089.03,490.44,141.85,214.17,1,1,0.85066
13,0,1284.58,496.6,173.59,206.09,1,1,0.9415
13,1,1511.05,494.56,174.67,207.35,1,1,0.94238
13,2,1199.31,343.48,138.15,236.79,1,1,0.93018
13,3,129.2,184.56,116.3,245.25,1,1,0.92487
13,4,631.95,485.52,138.19,210.44,1,1,0.92941
13,5,1036.66,533.83,143.41,294.96,1,1,0.93084
13,6,616.8,332.03,144.01,228.5,1,1,0.90528
13,7,408.46,456.4,168.71,246.96,1,1,0.91874
13,8,824.98,489.77,105.37,330.9,1,1,0.90718
13,9,876.33,472.82,126.86,208.58,1,1,0.91859
13,10,1422.36,463.33,112.99,169.16,1,1,0.88782
13,11,1879.98,269.93,38.98,265.93,1,1,0.85912
13,12,1090.44,490.85,138.87,213.59,1,1,0.85251
14,0,1285.03,496.35,173.39,206.47,1,1,0.9372
14,1,1510.87,494.42,174.78,207.45,1,1,0.93806
14,2,1201.74,343.59,137.69,236.47,1,1,0.92899
14,3,126.35,185.05,118.92,245.31,1,1,0.92736
14,4,632.11,485.96,138.17,209.72,1,1,0.9304
14,5,1036.77,533.5,143.66,295.33,1,1,0.92923
14,6,616.84,332.22,144.05,228.39,1,1,0.9058
14,7,408.54,452.66,168.86,250.89,1,1,0.92399
14,8,824.83,489.52,105.23,331.3,1,1,0.90335
14,9,876.85,472.64,126.37,208.79,1,1,0.91247
14,10,1422.07,463.18,111.04,176.71,1,1,0.88942
14,11,1879.72,269.89,39.33,266.13,1,1,0.85826
14,12,1091.95,490.87,137.62,213.54,1,1,0.85492
15,0,1286.9,495.86,173.68,206.64,1,1,0.93807
15,1,1512.23,494.3,175.14,207.12,1,1,0.93747
15,2,1205.75,343.36,138.3,236.02,1,1,0.92875
15,3,125.21,184.97,121.82,245.42,1,1,0.92648
15,4,633.96,485.61,138.4,209.7,1,1,0.9286
15,5,1038.67,532.53,144.02,296.22,1,1,0.93051
15,6,618.52,332.12,144.23,228.19,1,1,0.90805
15,7,410.22,452.01,168.08,251.63,1,1,0.92632
15,8,827.25,489.02,104.34,331.23,1,1,0.90596
15,9,878.72,472.15,126.7,209.21,1,1,0.90893
15,10,1423.53,462.18,110.9,181.7,1,1,0.8907
15,11,1881.39,264.13,38.35,272.36,1,1,0.85527
15,12,1088.82,490.19,142.68,213.83,1,1,0.85366
16,0,1287.2,496.68,173.66,205.96,1,1,0.94008
16,1,1512.16,494.62,175.59,207.0,1,1,0.93737
16,2,1208.07,343.86,138.25,235.32,1,1,0.9283
16,3,122.55,185.91,124.26,245.28,1,1,0.9252
16,4,634.27,486.06,138.49,209.67,1,1,0.92832
16,5,1038.97,533.05,144.3,295.98,1,1,0.93016
16,6,619.07,332.83,144.0,228.48,1,1,0.90765
16,7,410.74,451.56,167.33,252.62,1,1,0.93051
16,8,827.92,489.54,103.69,330.82,1,1,0.90762
16,9,879.6,472.49,126.28,209.54,1,1,0.91058
16,10,1424.09,462.95,111.49,185.44,1,1,0.89156
16,11,1882.13,259.81,37.27,276.74,1,1,0.85296
16,12,1089.93,490.75,141.9,213.14,1,1,0.85529
17,0,1286.38,496.31,174.15,206.1,1,1,0.94342
17,1,1511.44,495.02,175.55,206.08,1,1,0.94166
17,2,1208.53,343.73,139.94,235.15,1,1,0.92963
17,3,118.54,186.28,126.4,244.57,1,1,0.92829
17,4,633.96,485.06,138.25,210.53,1,1,0.93042
17,5,1038.5,532.62,144.05,296.02,1,1,0.93602
17,6,617.9,332.46,144.05,228.92,1,1,0.91378
17,7,409.66,451.77,167.69,252.01,1,1,0.93954
17,8,827.41,489.58,102.91,330.26,1,1,0.91145
17,9,878.28,471.84,127.1,209.42,1,1,0.9199
17,10,1423.28,464.19,111.34,185.34,1,1,0.90129
17,11,1882.22,260.96,36.67,274.47,1,1,0.85115
17,12,1090.47,490.49,140.68,212.58,1,1,0.84558
18,0,1286.11,496.37,173.93,205.99,1,1,0.94101
18,1,1511.07,495.26,175.74,205.95,1,1,0.94102
18,2,1208.57,343.82,140.94,234.98,1,1,0.92863
18,3,114.43,186.49,126.34,244.39,1,1,0.92521
18,4,633.75,485.01,138.14,210.62,1,1,0.93274
18,5,1038.18,532.41,144.11,296.05,1,1,0.93353
18,6,617.35,332.49,144.13,228.98,1,1,0.91177
18,7,409.62,453.22,167.31,250.48,1,1,0.93014
18,8,827.27,489.7,102.68,330.1,1,1,0.91171
18,9,877.56,472.1,127.74,209.21,1,1,0.91762
18,10,1422.81,465.97,111.36,184.52,1,1,0.90264
18,11,1882.0,260.75,36.82,274.8,1,1,0.84975
18,12,1088.01,490.39,143.01,213.07,1,1,0.85129
19,0,1285.18,495.8,172.97,206.33,1,1,0.93325
19,1,1509.87,494.5,175.6,206.58,1,1,0.93752
19,2,1207.18,343.33,142.55,235.78,1,1,0.92472
19,3,109.08,186.77,123.22,244.05,1,1,0.92868
19,4,632.99,485.31,138.12,209.97,1,1,0.92926
19,5,1036.92,532.61,144.19,295.75,1,1,0.92908
19,6,615.72,331.41,144.32,230.15,1,1,0.90292
19,7,408.74,453.5,167.84,249.87,1,1,0.93362
19,8,825.83,489.56,102.84,330.36,1,1,0.90564
19,9,876.41,471.84,127.86,209.65,1,1,0.91279
19,10,1421.33,467.35,112.19,183.12,1,1,0.90066
19,11,1880.59,262.78,37.95,273.14,1,1,0.85333
19,12,1086.98,490.18,143.11,213.36,1,1,0.85812
20,0,1283.64,495.81,173.29,206.24,1,1,0.94372
20,1,1507.88,495.02,176.37,205.94,1,1,0.94419
20,2,1205.7,343.05,142.75,234.89,1,1,0.92943
20,3,104.52,186.93,119.37,243.08,1,1,0.94173
20,4,631.21,485.17,138.89,209.6,1,1,0.94002
20,5,1035.6,532.48,144.03,295.5,1,1,0.93902
20,6,614.13,331.49,143.99,230.2,1,1,0.91767
20,7,407.5,454.69,167.86,248.26,1,1,0.94156
20,8,824.31,489.64,103.25,330.04,1,1,0.91161
20,9,875.15,471.87,127.22,208.92,1,1,0.92574
20,10,1420.41,468.89,111.8,180.1,1,1,0.90434
20,11,1880.23,267.82,38.1,266.25,1,1,0.85015
20,12,1085.88,490.16,142.42,213.13,1,1,0.86019
21,0,1280.66,495.97,172.93,205.95,1,1,0.94223
21,1,1505.98,495.36,175.76,205.72,1,1,0.94233
21,2,1202.04,343.51,144.2,233.93,1,1,0.92921
21,3,98.74,187.51,117.49,242.39,1,1,0.93235
21,4,628.02,485.35,139.7,209.37,1,1,0.93816
21,5,1032.83,532.47,144.08,295.35,1,1,0.93628
21,6,610.89,331.25,145.33,231.13,1,1,0.91684
21,7,405.2,455.18,168.37,247.34,1,1,0.942
21,8,821.17,489.8,103.48,329.86,1,1,0.90969
21,9,872.44,471.88,126.84,208.75,1,1,0.9255
21,10,1417.17,470.03,111.46,179.25,1,1,0.90432
21,11,1877.92,286.96,40.0,245.41,1,1,0.89182
21,12,1088.11,490.65,137.58,212.4,1,1,0.8632
22,0,1282.15,495.22,173.02,206.2,1,1,0.94527
22,1,1507.29,494.85,175.98,205.83,1,1,0.94504
22,2,1202.67,342.99,144.44,232.88,1,1,0.92896
22,3,97.57,187.56,117.0,242.54,1,1,0.93452
22,4,629.6,485.12,139.37,209.25,1,1,0.93928
22,5,1034.18,532.3,144.4,295.22,1,1,0.93899
22,6,611.79,329.93,146.3,231.97,1,1,0.91848
22,7,406.63,455.1,168.99,246.96,1,1,0.9457
22,8,823.11,489.41,103.3,329.77,1,1,0.91075
22,9,873.99,471.31,126.62,208.53,1,1,0.92642
22,10,1418.83,469.78,111.57,178.63,1,1,0.91069
22,11,1878.82,290.77,40.44,240.41,1,1,0.87734
22,12,1086.77,490.09,140.17,212.46,1,1,0.86369
23,0,1281.41,496.47,172.85,205.86,1,1,0.94821
23,1,1506.38,495.78,176.25,206.05,1,1,0.9465
23,2,1200.24,344.05,144.2,234.68,1,1,0.92899
23,3,94.38,189.44,116.43,242.52,1,1,0.93781
23,4,628.51,486.35,139.7,208.71,1,1,0.94635
23,5,1033.48,533.61,144.07,294.93,1,1,0.94277
23,6,610.82,330.37,146.25,232.16,1,1,0.92646
23,7,405.51,456.85,169.4,246.37,1,1,0.95042
23,8,822.36,490.44,103.21,329.67,1,1,0.91478
23,9,872.79,472.56,126.91,207.7,1,1,0.92992
23,10,1417.99,471.24,111.51,178.0,1,1,0.91159
23,11,1878.33,295.69,40.46,235.93,1,1,0.89669
23,12,1091.72,491.35,134.3,211.89,1,1,0.86187
24,0,1281.22,495.94,172.96,205.86,1,1,0.9483
24,1,1506.49,495.23,175.86,205.81,1,1,0.94599
24,2,1198.4,343.82,143.83,235.68,1,1,0.93088
24,3,92.8,190.08,116.51,242.86,1,1,0.94382
24,4,628.46,486.07,140.12,208.65,1,1,0.94849
24,5,1033.53,532.8,143.88,295.37,1,1,0.94325
24,6,610.72,329.5,146.91,232.43,1,1,0.93095
24,7,405.28,456.57,169.67,246.21,1,1,0.95101
24,8,822.48,490.0,102.74,329.53,1,1,0.91566
24,9,873.07,472.06,126.45,207.79,1,1,0.93058
24,10,1417.65,471.06,111.71,177.7,1,1,0.91147
24,11,1878.46,297.42,40.52,233.29,1,1,0.9044
24,12,1092.69,490.89,133.24,211.73,1,1,0.85571
25,0,1281.4,497.08,172.87,205.77,1,1,0.94678
25,1,1506.52,496.31,176.35,205.93,1,1,0.94346
25,2,1196.99,346.15,142.22,235.01,1,1,0.92649
25,3,91.21,192.06,117.28,243.88,1,1,0.94485
25,4,628.49,487.99,140.3,207.89,1,1,0.94821
25,5,1033.75,534.59,144.0,294.51,1,1,0.94161
25,6,610.51,330.1,147.94,232.8,1,1,0.93033
25,7,405.22,457.9,169.7,246.25,1,1,0.95023
25,8,822.66,490.78,103.2,329.78,1,1,0.91371
25,9,872.95,473.56,127.01,207.1,1,1,0.92942
25,10,1417.99,472.56,111.38,177.01,1,1,0.91011
25,11,1878.73,298.04,40.39,234.07,1,1,0.89137
25,12,1093.91,492.04,132.27,211.59,1,1,0.86111
26,0,1283.45,495.83,173.44,206.27,1,1,0.94552
26,1,1508.32,495.5,176.19,205.63,1,1,0.94509
26,2,1197.19,346.95,139.57,233.43,1,1,0.92384
26,3,91.81,192.42,117.64,244.16,1,1,0.94719
26,4,630.71,487.41,140.1,207.39,1,1,0.95029
26,5,1036.0,533.18,143.87,294.83,1,1,0.94186
26,6,612.45,328.56,148.42,232.68,1,1,0.93601
26,7,407.2,456.04,169.19,247.09,1,1,0.94753
26,8,824.99,489.81,102.82,329.45,1,1,0.91521
26,9,875.79,472.36,126.09,207.55,1,1,0.9286
26,10,1419.97,471.41,111.33,177.79,1,1,0.9096
26,11,1880.61,293.43,39.27,238.12,1,1,0.87343
26,12,1092.47,490.66,135.87,211.89,1,1,0.85868
27,0,1284.07,494.83,173.66,205.98,1,1,0.94376
27,1,1508.91,494.29,176.06,205.52,1,1,0.94545
27,2,1196.53,346.2,137.46,233.58,1,1,0.92431
27,3,92.08,192.65,117.71,243.28,1,1,0.94924
27,4,631.82,486.39,140.1,207.28,1,1,0.94868
27,5,1036.81,531.89,143.83,295.05,1,1,0.94151
27,6,612.85,327.25,149.45,233.22,1,1,0.93215
27,7,408.03,454.92,168.92,246.95,1,1,0.94593
27,8,825.7,488.4,102.94,329.68,1,1,0.914
27,9,876.71,470.95,126.07,207.86,1,1,0.92574
27,10,1420.46,470.74,111.76,177.63,1,1,0.9084
27,11,1880.96,292.2,38.72,238.41,1,1,0.88434
27,12,1093.64,489.64,135.64,211.71,1,1,0.84714
28,0,1284.08,495.82,173.59,206.0,1,1,0.94408
28,1,1508.84,495.07,176.06,205.69,1,1,0.9442
28,2,1194.95,349.94,136.22,231.3,1,1,0.9218
28,3,91.98,195.14,116.99,241.48,1,1,0.94789
28,4,632.09,487.58,139.74,206.66,1,1,0.95117
28,5,1036.82,532.78,143.47,294.88,1,1,0.94051
28,6,612.18,328.08,149.31,233.27,1,1,0.93418
28,7,408.06,455.27,168.57,247.49,1,1,0.94479
28,8,825.61,489.16,102.95,329.96,1,1,0.91434
28,9,876.69,472.0,126.12,207.8,1,1,0.92699
28,10,1420.51,472.56,111.72,176.83,1,1,0.90671
28,11,1880.95,289.16,38.19,242.86,1,1,0.86611
28,12,1094.22,490.54,134.74,211.8,1,1,0.84283
29,0,1284.28,495.54,173.62,205.86,1,1,0.94081
29,1,1508.8,494.59,176.38,205.87,1,1,0.943
29,2,1193.58,354.83,135.45,226.33,1,1,0.9177
29,3,92.22,196.59,116.87,241.89,1,1,0.94257
29,4,632.27,487.75,139.73,206.41,1,1,0.95007
29,5,1036.96,532.19,143.53,295.1,1,1,0.93647
29,6,612.22,326.74,148.35,234.48,1,1,0.93166
29,7,408.42,454.52,168.3,248.0,1,1,0.94248
29,8,825.93,488.49,102.87,330.63,1,1,0.91092
29,9,876.77,471.36,126.19,208.2,1,1,0.9229
29,10,1420.62,472.32,112.17,177.04,1,1,0.90573
29,11,1880.56,283.5,38.56,248.99,1,1,0.86035
29,12,1092.87,489.94,136.41,211.98,1,1,0.84261
30,0,1285.53,495.15,173.13,206.51,1,1,0.93829
30,1,1510.13,494.54,176.42,206.32,1,1,0.94178
30,2,1192.93,358.67,136.26,223.87,1,1,0.91652
30,3,93.49,198.8,116.51,241.42,1,1,0.94168
30,4,633.18,488.42,139.92,205.99,1,1,0.95077
30,5,1037.72,532.42,143.94,295.27,1,1,0.93142
30,6,613.23,326.65,148.5,234.85,1,1,0.93268
30,7,409.68,454.97,167.73,248.05,1,1,0.9336
30,8,827.28,488.27,102.72,331.0,1,1,0.90985
30,9,877.78,471.68,126.65,208.5,1,1,0.91977
30,10,1421.89,472.2,112.44,177.52,1,1,0.90326
30,11,1880.8,281.0,38.61,253.3,1,1,0.85204
30,12,1089.21,489.99,141.38,212.38,1,1,0.84836
31,0,1285.41,494.39,173.31,206.57,1,1,0.93997
31,1,1509.83,494.02,176.68,205.93,1,1,0.9425
31,2,1192.0,359.49,136.43,222.47,1,1,0.91698
31,3,93.79,200.54,116.06,240.2,1,1,0.94204
31,4,632.97,487.53,139.94,206.43,1,1,0.94992
31,5,1037.52,531.67,144.13,295.47,1,1,0.93149
31,6,613.49,325.59,146.9,235.54,1,1,0.93137
31,7,409.59,454.13,167.79,248.36,1,1,0.93749
31,8,827.23,487.53,102.98,331.07,1,1,0.91081
31,9,877.43,471.24,127.02,208.63,1,1,0.91951
31,10,1421.68,471.55,112.87,177.28,1,1,0.90351
31,11,1880.72,275.67,38.35,258.38,1,1,0.85488
31,12,1086.89,489.23,143.69,212.6,1,1,0.84631
32,0,1285.2,494.89,173.36,206.33,1,1,0.94189
32,1,1509.7,494.38,176.7,206.0,1,1,0.94417
32,2,1191.37,360.27,136.76,221.71,1,1,0.91838
32,3,94.21,202.73,115.5,242.1,1,1,0.94377
32,4,632.7,487.79,140.13,206.46,1,1,0.95356
32,5,1037.34,531.94,144.14,295.5,1,1,0.93527
32,6,613.81,326.14,145.81,234.97,1,1,0.93406
32,7,409.59,454.34,167.67,248.25,1,1,0.93678
32,8,827.04,487.79,103.1,331.01,1,1,0.91284
32,9,877.32,471.44,126.93,208.61,1,1,0.92164
32,10,1421.68,472.0,112.85,176.72,1,1,0.90332
32,11,1880.8,275.89,38.12,258.27,1,1,0.85144
32,12,1089.31,489.59,141.12,212.55,1,1,0.84721
33,0,1285.0,495.42,173.6,206.09,1,1,0.94309
33,1,1509.42,494.86,176.75,205.78,1,1,0.94522
33,2,1191.09,360.76,137.04,221.2,1,1,0.91994
33,3,94.6,205.51,114.8,241.79,1,1,0.94466
33,4,632.31,488.2,140.11,206.12,1,1,0.95466
33,5,1037.08,532.45,144.09,295.05,1,1,0.93801
33,6,613.95,326.48,144.07,234.44,1,1,0.93592
33,7,409.22,454.39,167.96,248.29,1,1,0.94147
33,8,826.82,487.97,102.92,330.95,1,1,0.91427
33,9,877.55,471.99,126.35,207.96,1,1,0.92263
33,10,1421.53,472.58,112.68,176.36,1,1,0.90515
33,11,1880.36,278.67,38.52,255.59,1,1,0.85772
33,12,1091.69,490.01,138.38,212.09,1,1,0.83803
34,0,1284.73,495.39,173.52,205.95,1,1,0.94463
34,1,1509.02,494.61,176.77,206.1,1,1,0.94734
34,2,1191.03,360.2,136.94,221.43,1,1,0.92077
34,3,94.87,206.77,114.0,241.04,1,1,0.9471
34,4,631.87,487.61,140.37,206.49,1,1,0.95547
34,5,1036.74,531.89,143.92,295.5,1,1,0.94097
34,6,614.43,326.26,142.07,234.15,1,1,0.93655
34,7,409.17,454.06,167.93,248.34,1,1,0.94487
34,8,826.34,487.62,102.98,331.22,1,1,0.91536
34,9,877.44,471.71,126.0,207.99,1,1,0.92442
34,10,1420.8,472.23,112.51,176.62,1,1,0.90674
34,11,1880.17,277.36,38.63,256.05,1,1,0.86463
34,12,1093.6,490.0,135.87,211.94,1,1,0.84025
35,0,1284.04,495.87,173.53,205.82,1,1,0.94398
35,1,1508.54,495.36,176.79,205.7,1,1,0.94552
35,2,1191.01,358.65,137.15,222.38,1,1,0.9209
35,3,95.04,208.63,113.46,240.43,1,1,0.94372
35,4,630.99,487.7,140.73,206.5,1,1,0.95314
35,5,1036.34,532.69,143.53,295.0,1,1,0.94085
35,6,615.17,326.73,140.51,233.76,1,1,0.93445
35,7,408.81,454.34,168.14,248.37,1,1,0.94633
35,8,825.66,488.15,103.07,331.03,1,1,0.91299
35,9,877.02,472.39,125.73,207.72,1,1,0.92451
35,10,1420.08,472.65,112.01,176.18,1,1,0.90673
35,11,1880.14,277.37,38.6,256.19,1,1,0.86357
35,12,1097.73,490.71,131.11,211.73,1,1,0.85239
36,0,1284.41,494.84,173.75,206.03,1,1,0.9473
36,1,1508.85,494.69,177.07,205.57,1,1,0.94914
36,2,1192.78,355.43,137.58,225.19,1,1,0.92578
36,3,95.87,208.86,112.91,238.13,1,1,0.95018
36,4,631.65,486.91,140.33,206.71,1,1,0.95499
36,5,1036.68,531.9,143.53,295.15,1,1,0.94326
36,6,616.4,325.56,140.89,234.44,1,1,0.93606
36,7,409.19,454.06,167.85,247.86,1,1,0.94467
36,8,826.08,487.41,102.99,331.29,1,1,0.91787
36,9,877.29,471.44,125.7,207.54,1,1,0.92739
36,10,1420.69,471.84,111.8,175.77,1,1,0.90582
36,11,1880.71,284.0,38.37,247.31,1,1,0.87983
36,12,1096.03,489.82,133.09,211.83,1,1,0.84486
37,0,1283.76,495.41,173.63,206.08,1,1,0.94798
37,1,1508.28,495.29,176.74,205.52,1,1,0.94864
37,2,1193.89,352.76,137.26,227.87,1,1,0.92621
37,3,95.48,210.53,112.77,236.28,1,1,0.95193
37,4,630.83,487.28,140.41,206.96,1,1,0.95361
37,5,1036.09,532.44,143.67,295.05,1,1,0.94354
37,6,616.01,326.36,142.82,234.03,1,1,0.93519
37,7,408.06,454.43,168.64,247.84,1,1,0.94925
37,8,825.54,487.64,102.57,331.67,1,1,0.91678
37,9,877.09,471.98,124.89,207.35,1,1,0.92753
37,10,1419.89,472.63,111.53,175.91,1,1,0.90831
37,11,1880.3,290.82,38.51,240.07,1,1,0.90312
37,12,1095.99,490.39,132.55,211.57,1,1,0.83099
38,0,1283.26,494.1,173.46,206.34,1,1,0.95033
38,1,1507.81,494.25,176.64,205.39,1,1,0.95032
38,2,1195.55,348.58,137.11,230.34,1,1,0.92991
38,3,95.69,210.94,112.47,233.96,1,1,0.95595
38,4,630.35,485.82,140.3,207.32,1,1,0.95346
38,5,1035.63,531.6,143.76,295.19,1,1,0.94663
38,6,614.98,324.98,144.47,234.87,1,1,0.93542
38,7,407.45,453.47,168.8,247.73,1,1,0.95019
38,8,825.15,486.53,102.6,331.37,1,1,0.92028
38,9,876.8,470.75,124.54,207.41,1,1,0.92829
38,10,1419.7,471.87,111.1,175.47,1,1,0.91102
38,11,1880.45,292.16,38.41,236.36,1,1,0.90233
38,12,1094.06,489.5,134.16,211.27,1,1,0.85309
39,0,1282.84,494.47,173.59,206.52,1,1,0.95024
39,1,1507.82,494.63,176.2,205.47,1,1,0.94978
39,2,1197.53,346.92,137.23,231.12,1,1,0.93143
39,3,95.98,212.58,112.26,232.55,1,1,0.9555
39,4,630.0,485.94,140.32,207.58,1,1,0.95288
39,5,1035.32,532.11,144.09,294.98,1,1,0.9457
39,6,616.17,325.8,144.04,234.55,1,1,0.93634
39,7,407.04,453.72,168.97,247.71,1,1,0.9522
39,8,824.9,486.83,102.54,331.4,1,1,0.92028
39,9,876.76,471.26,124.22,207.23,1,1,0.92882
39,10,1419.4,472.44,111.45,175.52,1,1,0.91156
39,11,1880.03,293.51,38.94,235.22,1,1,0.90627
39,12,1094.68,489.8,133.34,211.29,1,1,0.83412
40,0,1282.52,494.63,173.18,206.4,1,1,0.95056
40,1,1507.85,494.92,175.64,205.24,1,1,0.94884
40,2,1199.47,346.77,137.5,231.32,1,1,0.93276
40,3,96.04,213.79,112.29,232.06,1,1,0.95556
40,4,629.74,486.23,140.21,207.64,1,1,0.95234
40,5,1034.9,532.63,144.29,294.62,1,1,0.94406
40,6,621.55,325.88,139.3,233.73,1,1,0.93102
40,7,406.62,453.96,169.04,247.74,1,1,0.95151
40,8,824.51,486.99,102.49,331.63,1,1,0.91836
40,9,875.88,471.35,124.98,207.22,1,1,0.92951
40,10,1419.1,472.78,111.55,175.16,1,1,0.91194
40,11,1879.53,295.52,39.43,233.39,1,1,0.91553
40,12,1090.7,489.93,136.97,211.44,1,1,0.84809
41,0,1282.3,494.68,173.15,206.17,1,1,0.94865
41,1,1507.82,494.88,175.51,205.06,1,1,0.94713
41,2,1201.45,345.97,138.06,231.74,1,1,0.9304
41,3,95.8,214.42,113.04,234.13,1,1,0.95072
41,4,629.84,486.11,139.79,207.9,1,1,0.9507
41,5,1034.77,532.83,144.28,294.36,1,1,0.94258
41,6,631.86,326.01,129.98,231.85,1,1,0.93318
41,7,406.43,454.01,169.27,247.67,1,1,0.95085
41,8,824.39,486.73,102.5,332.06,1,1,0.91646
41,9,875.58,471.21,125.27,207.35,1,1,0.92689
41,10,1418.53,472.75,111.88,175.22,1,1,0.91123
41,11,1879.05,295.82,40.0,233.26,1,1,0.91213
41,12,1089.72,489.87,137.91,211.57,1,1,0.8528
42,0,1282.18,494.9,172.73,205.85,1,1,0.94664
42,1,1507.65,494.96,175.65,205.13,1,1,0.94616
42,2,1202.93,346.01,139.45,231.69,1,1,0.93048
42,3,95.75,215.15,113.79,235.36,1,1,0.94838
42,4,629.77,486.32,139.6,207.84,1,1,0.94957
42,5,1034.75,533.16,144.1,294.13,1,1,0.94113
42,6,641.14,325.62,121.85,232.39,1,1,0.93069
42,7,405.56,454.09,170.12,247.88,1,1,0.94921
42,8,824.15,486.63,102.64,332.38,1,1,0.91401
42,9,875.23,471.16,125.47,207.59,1,1,0.9242
42,10,1418.04,472.95,111.56,175.19,1,1,0.9105
42,11,1878.53,295.94,40.56,233.6,1,1,0.91176
42,12,1090.47,490.01,136.97,211.65,1,1,0.84972
43,0,1282.05,495.48,172.39,205.71,1,1,0.94153
43,1,1507.68,495.23,175.58,205.49,1,1,0.94142
43,2,1204.03,345.97,141.53,232.63,1,1,0.92676
43,3,95.38,215.74,115.01,238.19,1,1,0.94183
43,4,629.57,487.04,139.5,207.41,1,1,0.94408
43,5,1034.58,533.71,144.14,293.86,1,1,0.93523
43,6,646.57,326.22,116.94,237.38,1,1,0.92865
43,7,405.71,454.14,170.09,248.31,1,1,0.94387
43,8,823.73,486.67,102.94,332.86,1,1,0.90718
43,9,874.92,471.4,125.88,208.15,1,1,0.91799
43,10,1417.37,473.33,111.76,175.4,1,1,0.90856
43,11,1877.6,295.92,41.53,235.36,1,1,0.9035
43,12,1089.45,490.14,137.9,212.09,1,1,0.8521
44,0,1281.76,495.55,172.2,205.37,1,1,0.93982
44,1,1507.15,494.95,176.14,205.81,1,1,0.94107
44,2,1204.54,345.39,143.09,233.45,1,1,0.92748
44,3,95.08,216.01,116.29,240.97,1,1,0.94051
44,4,629.04,487.4,139.65,207.1,1,1,0.94309
44,5,1034.22,533.56,144.13,293.89,1,1,0.93398
44,6,650.28,326.7,113.24,239.95,1,1,0.9255
44,7,405.14,453.99,169.96,248.66,1,1,0.94122
44,8,822.71,486.57,103.76,332.95,1,1,0.90499
44,9,874.42,471.13,126.01,208.61,1,1,0.91831
44,10,1416.42,473.49,112.15,175.33,1,1,0.90645
44,11,1876.65,296.28,42.39,236.17,1,1,0.90089
44,12,1092.18,490.15,135.05,212.1,1,1,0.84957
45,0,1281.56,495.62,172.24,205.11,1,1,0.93678
45,1,1506.9,494.82,176.18,205.83,1,1,0.93779
45,2,1204.52,345.56,144.46,233.33,1,1,0.9242
45,3,94.73,217.1,118.31,242.28,1,1,0.93659
45,4,628.72,487.51,139.6,206.95,1,1,0.93722
45,5,1033.98,533.27,144.13,294.26,1,1,0.93007
45,6,652.64,326.68,110.99,241.25,1,1,0.91317
45,7,404.85,453.64,169.88,248.9,1,1,0.9381
45,8,822.13,486.47,104.08,333.07,1,1,0.90052
45,9,874.02,470.97,126.3,208.9,1,1,0.9134
45,10,1415.85,473.64,112.33,175.27,1,1,0.90285
45,11,1875.85,295.89,43.18,237.36,1,1,0.89526
45,12,1093.89,490.16,133.25,212.34,1,1,0.85296
46,0,1281.53,495.59,172.19,204.92,1,1,0.94196
46,1,1506.95,494.99,176.0,205.47,1,1,0.94192
46,2,1204.31,345.82,145.54,232.62,1,1,0.9276
46,3,94.8,219.41,119.14,241.54,1,1,0.94981
46,4,629.02,487.04,139.29,207.2,1,1,0.94665
46,5,1034.04,532.82,143.91,294.62,1,1,0.93788
46,6,654.88,327.07,108.81,231.84,1,1,0.92243
46,7,404.57,453.87,170.2,248.38,1,1,0.94309
46,8,822.17,486.6,104.11,332.71,1,1,0.90737
46,9,874.45,471.11,125.54,208.36,1,1,0.92074
46,10,1415.99,474.05,111.84,174.57,1,1,0.90575
46,11,1876.12,296.13,42.95,236.33,1,1,0.90216
46,12,1095.35,490.29,131.32,211.99,1,1,0.85475
47,0,1281.36,495.6,172.29,204.94,1,1,0.94151
47,1,1507.02,495.09,175.98,205.37,1,1,0.94199
47,2,1203.92,345.92,146.83,232.26,1,1,0.92509
47,3,95.29,221.95,120.55,242.73,1,1,0.94532
47,4,628.94,487.08,139.23,207.1,1,1,0.94594
47,5,1033.94,532.8,143.87,294.69,1,1,0.93752
47,6,655.9,327.6,107.79,227.36,1,1,0.92205
47,7,404.65,453.95,170.21,248.2,1,1,0.9443
47,8,822.18,486.74,104.06,332.52,1,1,0.90736
47,9,874.59,471.2,125.31,208.23,1,1,0.91995
47,10,1416.15,474.66,111.52,173.99,1,1,0.90609
47,11,1875.95,295.94,43.11,236.45,1,1,0.89835
47,12,1097.64,490.49,128.92,211.81,1,1,0.8531
48,0,1281.29,495.57,172.44,205.01,1,1,0.94192
48,1,1507.15,495.1,176.05,205.52,1,1,0.94242
48,2,1202.94,345.03,148.1,233.29,1,1,0.92635
48,3,95.97,224.21,121.41,242.1,1,1,0.94327
48,4,628.83,486.99,139.29,207.22,1,1,0.94539
48,5,1033.93,532.47,143.86,294.99,1,1,0.9361
48,6,656.36,327.68,107.25,225.43,1,1,0.92254
48,7,404.73,454.11,170.2,247.9,1,1,0.94457
48,8,822.06,486.81,104.04,332.2,1,1,0.90791
48,9,874.72,471.21,125.2,208.29,1,1,0.91981
48,10,1416.1,474.92,111.55,173.88,1,1,0.90583
48,11,1875.86,297.05,43.24,235.36,1,1,0.90362
48,12,1096.25,490.51,130.24,211.76,1,1,0.8503
49,0,1281.13,495.15,172.61,204.9,1,1,0.94397
49,1,1506.84,494.99,176.12,205.12,1,1,0.94308
49,2,1201.39,344.88,148.87,232.86,1,1,0.92531
49,3,96.76,226.48,122.75,240.34,1,1,0.94383
49,4,628.93,486.89,139.11,207.11,1,1,0.94843
49,5,1033.91,532.0,143.77,295.26,1,1,0.93762
49,6,655.69,327.48,107.9,225.64,1,1,0.92068
49,7,404.71,453.8,170.03,247.95,1,1,0.94519
49,8,822.08,486.58,103.9,331.9,1,1,0.90948
49,9,875.41,470.9,124.06,208.37,1,1,0.91949
49,10,1416.1,475.12,111.21,173.17,1,1,0.90543
49,11,1875.57,297.9,43.49,233.88,1,1,0.90877
49,12,1093.55,489.98,132.79,211.82,1,1,0.8493
50,0,1281.13,495.23,172.55,204.97,1,1,0.94611
50,1,1506.92,495.12,176.01,204.99,1,1,0.946
50,2,1199.7,347.1,148.99,230.49,1,1,0.92335
50,3,97.51,228.55,123.76,238.51,1,1,0.94908
50,4,628.86,486.91,139.19,206.92,1,1,0.95107
50,5,1034.0,532.0,143.65,295.13,1,1,0.94248
50,6,655.52,327.94,108.07,225.83,1,1,0.92736
50,7,404.79,454.0,169.99,247.7,1,1,0.94882
50,8,822.29,486.98,103.61,331.49,1,1,0.91204
50,9,874.84,471.06,124.55,207.92,1,1,0.92695
50,10,1416.25,475.44,111.04,172.62,1,1,0.90789
50,11,1876.12,298.63,42.94,232.49,1,1,0.91423
50,12,1095.74,490.28,130.56,211.55,1,1,0.85388
51,0,1281.23,494.81,172.56,204.94,1,1,0.94612
51,1,1506.86,494.84,176.17,204.87,1,1,0.94523
51,2,1197.78,349.2,148.36,228.7,1,1,0.91972
51,3,99.58,229.56,123.45,237.07,1,1,0.94639
51,4,628.95,486.69,139.09,206.61,1,1,0.95085
51,5,1033.92,531.68,143.64,295.22,1,1,0.94257
51,6,655.23,327.35,108.54,226.25,1,1,0.92795
51,7,404.78,453.71,170.1,247.67,1,1,0.95012
51,8,822.49,487.0,103.07,331.2,1,1,0.9134
51,9,874.66,470.71,124.76,207.66,1,1,0.92663
51,10,1416.23,475.19,111.04,172.26,1,1,0.90658
51,11,1876.3,298.59,42.84,232.11,1,1,0.91499
51,12,1097.16,490.0,129.11,211.2,1,1,0.85183
52,0,1281.15,494.34,172.64,204.96,1,1,0.94695
52,1,1506.7,494.44,176.41,204.82,1,1,0.94649
52,2,1195.91,351.13,147.87,227.68,1,1,0.91897
52,3,102.07,230.13,122.96,235.72,1,1,0.93866
52,4,628.85,486.52,139.2,206.33,1,1,0.95221
52,5,1033.67,531.26,143.62,295.23,1,1,0.9427
52,6,654.72,327.22,109.1,226.67,1,1,0.9294
52,7,404.51,453.49,170.26,247.44,1,1,0.95028
52,8,822.21,486.85,103.28,330.87,1,1,0.91415
52,9,874.16,470.52,125.21,207.21,1,1,0.9283
52,10,1415.96,474.85,111.19,172.05,1,1,0.90724
52,11,1876.14,298.6,42.95,231.59,1,1,0.91678
52,12,1094.12,489.5,131.83,211.1,1,1,0.85644
53,0,1281.27,494.05,172.34,204.96,1,1,0.94436
53,1,1506.7,494.33,176.57,204.67,1,1,0.94674
53,2,1193.59,356.26,146.56,222.35,1,1,0.91708
53,3,105.23,229.98,122.6,235.25,1,1,0.93468
53,4,628.63,486.34,139.46,206.14,1,1,0.95308
53,5,1033.66,531.16,143.52,295.15,1,1,0.94171
53,6,654.57,328.1,109.43,226.07,1,1,0.93065
53,7,404.19,453.54,170.61,247.02,1,1,0.94937
53,8,822.26,486.78,103.43,330.87,1,1,0.91341
53,9,874.37,470.29,124.99,207.33,1,1,0.92698
53,10,1416.05,474.48,111.25,172.32,1,1,0.90691
53,11,1876.3,298.43,42.8,230.98,1,1,0.91828
53,12,1092.65,489.45,133.33,211.01,1,1,0.85597
54,0,1281.34,493.86,172.01,205.06,1,1,0.94388
54,1,1506.76,494.2,176.54,204.7,1,1,0.94625
54,2,1191.4,359.76,144.08,219.73,1,1,0.91797
54,3,108.76,229.91,121.98,234.96,1,1,0.92774
54,4,628.47,486.43,139.68,205.79,1,1,0.95266
54,5,1033.72,531.15,143.43,294.97,1,1,0.94078
54,6,654.27,329.51,109.93,225.06,1,1,0.92834
54,7,404.12,453.52,170.72,246.87,1,1,0.94818
54,8,822.27,486.73,103.44,330.68,1,1,0.91407
54,9,874.82,470.32,124.38,207.33,1,1,0.92703
54,10,1416.25,474.3,111.2,172.28,1,1,0.90563
54,11,1876.22,298.56,42.89,230.57,1,1,0.91727
54,12,1091.44,489.36,134.54,211.03,1,1,0.85552
55,0,1281.58,493.18,171.9,205.39,1,1,0.9448
55,1,1507.03,493.71,176.45,204.8,1,1,0.94684
55,2,1190.09,361.44,141.53,217.39,1,1,0.91657
55,3,113.22,229.75,122.38,236.29,1,1,0.92509
55,4,628.65,486.18,139.57,205.9,1,1,0.95289
55,5,1033.75,531.21,143.77,294.72,1,1,0.94205
55,6,654.34,332.11,110.35,222.53,1,1,0.92598
55,7,404.36,453.16,170.6,246.73,1,1,0.94942
55,8,822.36,486.46,103.47,330.48,1,1,0.91528
55,9,875.3,469.91,124.1,207.22,1,1,0.92743
55,10,1416.21,474.3,111.47,171.98,1,1,0.90756
55,11,1876.47,298.66,42.72,229.96,1,1,0.91759
55,12,1091.7,489.02,134.55,210.87,1,1,0.8457
56,0,1281.35,494.31,171.79,204.79,1,1,0.94538
56,1,1506.74,494.45,176.28,204.54,1,1,0.94581
56,2,1188.36,362.92,140.42,216.12,1,1,0.91824
56,3,117.15,230.11,126.68,236.51,1,1,0.93003
56,4,628.17,486.72,139.83,205.82,1,1,0.95323
56,5,1033.4,531.5,143.72,294.96,1,1,0.94149
56,6,653.63,335.18,110.98,220.22,1,1,0.92387
56,7,404.2,453.7,170.33,246.85,1,1,0.94935
56,8,822.03,487.12,103.51,330.45,1,1,0.91491
56,9,874.86,470.5,124.19,207.3,1,1,0.92724
56,10,1415.62,475.34,111.79,171.37,1,1,0.90557
56,11,1876.29,298.94,42.67,230.06,1,1,0.91776
56,12,1090.81,489.41,135.04,211.15,1,1,0.85557
57,0,1281.16,493.89,171.63,204.79,1,1,0.94472
57,1,1506.57,494.13,176.29,204.27,1,1,0.94409
57,2,1187.36,362.22,139.49,217.49,1,1,0.91068
57,3,120.8,229.96,134.91,236.18,1,1,0.93092
57,4,627.99,486.64,139.91,205.41,1,1,0.95353
57,5,1033.28,531.02,143.67,295.09,1,1,0.94107
57,6,653.04,338.29,111.95,217.49,1,1,0.91242
57,7,403.96,453.39,170.46,246.72,1,1,0.95007
57,8,822.05,486.71,103.17,330.56,1,1,0.91576
57,9,875.1,470.07,123.78,207.12,1,1,0.92579
57,10,1414.44,475.55,112.66,170.68,1,1,0.90649
57,11,1876.18,298.14,42.77,230.19,1,1,0.9175
57,12,1089.58,489.24,136.12,210.8,1,1,0.85212
58,0,1280.99,493.25,171.66,204.83,1,1,0.94487
58,1,1506.23,493.35,176.52,204.53,1,1,0.945
58,2,1186.97,361.34,138.85,217.4,1,1,0.91315
58,3,124.79,228.95,143.87,236.92,1,1,0.93244
58,4,627.74,486.63,140.3,204.84,1,1,0.9551
58,5,1033.13,530.38,143.7,295.07,1,1,0.93966
58,6,652.96,342.56,112.41,213.31,1,1,0.91677
58,7,404.26,453.09,169.93,246.66,1,1,0.94869
58,8,821.82,486.28,103.26,330.26,1,1,0.91517
58,9,875.04,469.58,123.89,207.02,1,1,0.92542
58,10,1414.18,475.37,112.59,170.63,1,1,0.90654
58,11,1875.79,298.04,43.19,230.05,1,1,0.92052
58,12,1087.62,488.93,137.82,210.34,1,1,0.85113
59,0,1281.32,493.07,171.38,204.96,1,1,0.94447
59,1,1505.78,493.22,177.2,204.43,1,1,0.94437
59,2,1187.19,359.85,139.05,218.84,1,1,0.91486
59,3,128.72,229.1,146.49,236.68,1,1,0.93685
59,4,627.59,487.67,140.54,203.52,1,1,0.95465
59,5,1033.4,530.7,143.82,294.68,1,1,0.93919
59,6,653.34,347.9,112.83,208.5,1,1,0.91719
59,7,404.53,453.27,169.75,246.89,1,1,0.94903
59,8,822.1,486.58,103.61,330.09,1,1,0.91502
59,9,875.65,469.51,123.72,207.45,1,1,0.92607
59,10,1413.75,475.74,112.24,169.89,1,1,0.90598
59,11,1875.6,297.98,43.55,230.28,1,1,0.91956
59,12,1086.81,488.15,138.44,210.8,1,1,0.84644
60,0,1280.95,492.6,171.55,205.29,1,1,0.94811
60,1,1503.06,492.65,179.29,204.62,1,1,0.94624
60,2,1187.24,354.56,139.73,223.88,1,1,0.92139
60,3,131.96,229.27,145.37,235.29,1,1,0.9432
60,4,627.19,488.43,140.88,202.2,1,1,0.95741
60,5,1033.07,530.2,144.3,295.02,1,1,0.94107
60,6,653.08,352.89,113.02,202.22,1,1,0.92435
60,7,404.35,453.48,169.47,246.74,1,1,0.95163
60,8,822.0,486.71,102.94,329.79,1,1,0.91707
60,9,874.9,468.66,124.29,208.0,1,1,0.92878
60,10,1412.15,476.09,110.2,167.39,1,1,0.90198
60,11,1875.29,298.2,43.6,229.42,1,1,0.92385
60,12,1080.92,485.74,142.94,212.69,1,1,0.85165
61,0,1281.02,492.44,171.46,205.5,1,1,0.94747
61,1,1498.4,491.05,183.03,206.22,1,1,0.94639
61,2,1187.95,349.26,141.17,230.77,1,1,0.92624
61,3,135.66,229.41,143.12,234.49,1,1,0.9413
61,4,626.73,488.28,141.28,201.95,1,1,0.95512
61,5,1033.01,529.49,144.95,295.77,1,1,0.93951
61,6,653.46,357.89,113.03,197.5,1,1,0.90704
61,7,404.9,453.68,169.04,246.27,1,1,0.95329
61,8,822.48,486.98,103.04,329.83,1,1,0.91525
61,9,874.68,467.87,124.64,208.49,1,1,0.92856
61,10,1411.08,475.95,107.99,160.22,1,1,0.88606
61,11,1874.79,299.04,44.15,228.44,1,1,0.92363
61,12,1072.76,482.57,150.5,216.12,1,1,0.85527
62,0,1280.68,490.61,171.22,206.58,1,1,0.94777
62,1,1493.07,486.91,188.2,210.15,1,1,0.94599
62,2,1189.35,345.68,141.87,235.89,1,1,0.92932
62,3,138.78,229.38,139.67,233.42,1,1,0.94298
62,4,626.06,486.72,142.23,203.06,1,1,0.95017
62,5,1033.27,529.16,145.4,295.81,1,1,0.93743
62,6,654.54,361.17,112.48,192.84,1,1,0.90952
62,7,404.45,453.16,169.49,246.07,1,1,0.95713
62,8,822.41,486.96,103.21,329.12,1,1,0.9164
62,9,873.83,465.8,125.32,210.83,1,1,0.92925
62,10,1408.13,474.66,108.4,155.77,1,1,0.884
62,11,1874.51,299.65,44.41,227.28,1,1,0.92781
62,12,1064.29,477.51,158.18,221.02,1,1,0.87547
63,0,1280.03,486.34,171.51,209.87,1,1,0.94356
63,1,1485.7,482.25,195.52,215.0,1,1,0.94197
63,2,1191.14,343.06,141.91,240.16,1,1,0.92832
63,3,141.74,228.38,136.32,233.64,1,1,0.93686
63,4,624.34,484.18,144.36,204.75,1,1,0.94415
63,5,1033.31,529.18,145.52,295.76,1,1,0.93676
63,6,656.58,362.88,111.0,188.83,1,1,0.89145
63,7,402.96,451.68,170.68,246.51,1,1,0.96183
63,8,822.53,487.24,103.37,328.49,1,1,0.91222
63,9,874.13,464.36,124.92,212.51,1,1,0.92677
63,10,1405.27,469.82,106.6,156.76,1,1,0.87244
63,11,1874.3,299.89,44.66,227.15,1,1,0.92455
63,12,1058.52,472.76,163.03,225.49,1,1,0.87502
64,0,1274.28,481.24,176.65,214.41,1,1,0.93686
64,1,1476.69,475.0,203.84,222.33,1,1,0.93328
64,2,1193.06,342.44,140.79,239.33,1,1,0.92569
64,3,143.36,228.82,134.72,233.59,1,1,0.93157
64,4,621.07,478.0,147.58,210.62,1,1,0.93033
64,5,1032.48,528.26,145.21,296.8,1,1,0.93973
64,6,658.85,363.13,108.87,185.62,1,1,0.87605
64,7,400.97,450.15,172.93,246.9,1,1,0.9628
64,8,821.97,488.03,104.31,327.99,1,1,0.9076
64,9,871.93,463.31,126.38,213.45,1,1,0.92273
64,10,1401.34,465.04,106.47,166.36,1,1,0.83942
64,11,1873.24,300.89,45.45,226.67,1,1,0.92255
64,12,1058.47,468.13,161.48,231.26,1,1,0.87665
65,0,1264.51,474.64,185.86,220.88,1,1,0.93171
65,1,1475.32,467.48,206.38,229.75,1,1,0.92932
65,2,1194.15,341.67,139.9,239.55,1,1,0.92933
65,3,144.19,227.78,134.37,234.76,1,1,0.93024
65,4,615.92,472.32,152.84,215.74,1,1,0.93611
65,5,1031.46,525.91,145.56,299.19,1,1,0.94063
65,6,664.59,362.58,103.98,174.91,1,1,0.86484
65,7,394.11,448.06,180.34,247.23,1,1,0.94067
65,8,822.27,488.27,104.71,327.43,1,1,0.90229
65,9,867.91,461.51,130.13,214.5,1,1,0.91712
65,10,1396.43,458.84,117.16,183.23,1,1,0.81183
65,11,1872.73,301.09,45.86,226.4,1,1,0.91753
65,12,1057.86,462.75,160.98,236.57,1,1,0.86291
66,0,1256.43,468.68,192.37,226.71,1,1,0.92743
66,1,1472.21,460.0,210.71,238.39,1,1,0.9365
66,2,1193.22,341.5,140.46,237.77,1,1,0.92916
66,3,144.86,227.33,133.8,235.22,1,1,0.93692
66,4,611.27,470.34,157.1,218.45,1,1,0.93836
66,5,1030.72,523.13,145.91,302.47,1,1,0.93396
66,6,670.3,363.62,99.04,162.61,1,1,0.84811
66,7,379.23,448.88,195.74,247.79,1,1,0.93285
66,8,822.19,490.69,104.66,325.64,1,1,0.90364
66,9,862.74,459.09,134.23,217.12,1,1,0.91858
66,10,1390.52,457.09,128.65,178.69,1,1,0.80109
66,11,1871.85,301.51,46.56,226.27,1,1,0.91549
66,12,1049.2,458.81,168.91,240.92,1,1,0.86132
67,0,1242.05,461.96,206.46,232.27,1,1,0.92812
67,1,1464.51,450.24,219.94,248.06,1,1,0.93245
67,2,1191.37,341.22,142.69,236.02,1,1,0.92527
67,3,143.96,226.94,135.53,235.54,1,1,0.92979
67,4,606.77,466.8,161.8,221.47,1,1,0.93874
67,5,1029.52,521.82,146.99,303.72,1,1,0.92801
67,7,368.93,449.49,207.71,248.29,1,1,0.92229
67,8,822.14,493.47,105.22,322.53,1,1,0.91008
67,9,858.27,454.06,138.1,222.25,1,1,0.91748
67,10,1384.97,452.58,124.77,160.42,1,1,0.85827
67,11,1871.42,301.07,47.07,227.1,1,1,0.90633
67,12,1039.9,455.04,177.38,244.29,1,1,0.86512
68,0,1225.89,455.04,221.46,239.41,1,1,0.92697
68,1,1451.37,441.28,234.0,259.25,1,1,0.94086
68,2,1188.38,341.34,144.31,232.14,1,1,0.92137
68,3,142.56,226.43,138.77,235.28,1,1,0.934
68,4,604.17,458.38,165.52,229.56,1,1,0.9333
68,5,1029.12,523.9,148.04,302.0,1,1,0.92576
68,7,364.69,446.37,224.02,252.95,1,1,0.92117
68,8,822.46,496.8,105.19,318.94,1,1,0.90805
68,9,851.05,448.85,144.55,228.92,1,1,0.91144
68,10,1368.86,449.67,124.2,151.45,1,1,0.86781
68,11,1870.82,300.97,47.78,227.7,1,1,0.90913
68,12,1027.52,450.62,189.39,247.1,1,1,0.85327
69,0,1215.8,447.8,228.32,245.53,1,1,0.92726
69,1,1430.39,433.18,253.49,267.55,1,1,0.92359
69,2,1184.55,340.76,146.42,229.08,1,1,0.91423
69,3,140.88,225.6,142.56,235.35,1,1,0.92935
69,4,603.16,452.77,167.9,235.53,1,1,0.91724
69,5,1029.35,527.71,148.52,297.73,1,1,0.92641
69,7,364.78,443.77,218.04,254.35,1,1,0.90834
69,8,823.09,500.21,105.41,314.41,1,1,0.90666
69,9,842.89,442.2,151.83,236.25,1,1,0.90675
69,10,1360.18,445.47,123.66,153.05,1,1,0.85833
69,11,1870.72,299.92,48.09,229.27,1,1,0.90587
69,12,1014.21,445.36,200.61,250.08,1,1,0.80529
69,6,674.93,379.99,96.99,136.19,1,1,0.68556
70,0,1211.61,441.59,228.23,252.06,1,1,0.92153
70,1,1400.09,429.47,272.48,270.09,1,1,0.92844
70,2,1177.01,340.55,151.06,228.24,1,1,0.8926
70,3,138.46,224.91,146.47,235.64,1,1,0.92793
70,4,602.21,454.31,168.31,234.95,1,1,0.89656
70,5,1028.4,530.23,150.07,295.3,1,1,0.92115
70,7,364.9,439.32,214.33,258.59,1,1,0.92908
70,8,822.5,502.46,106.39,311.29,1,1,0.90203
70,9,836.28,436.08,156.94,242.55,1,1,0.91532
70,11,1870.4,299.28,48.36,230.44,1,1,0.90707
70,12,998.76,441.0,213.15,254.16,1,1,0.83092
70,15,509.07,428.2,138.1,182.04,1,1,0.89588
71,0,1212.91,438.1,222.41,254.87,1,1,0.91129
71,1,1379.69,427.25,267.48,271.9,1,1,0.9269
71,2,1170.83,340.69,154.75,223.58,1,1,0.88973
71,3,135.29,224.06,150.55,235.6,1,1,0.92579
71,4,600.56,454.16,169.48,235.49,1,1,0.87394
71,5,1026.63,530.24,151.59,295.05,1,1,0.91959
71,7,364.68,434.17,216.75,263.83,1,1,0.93036
71,8,821.81,506.58,106.2,306.66,1,1,0.88659
71,9,829.73,428.46,161.49,249.04,1,1,0.90089
71,11,1869.98,298.71,48.66,232.01,1,1,0.90829
71,12,981.11,437.32,228.57,256.19,1,1,0.86339
71,15,516.37,427.64,139.17,188.35,1,1,0.86951
72,0,1212.79,436.33,218.73,255.43,1,1,0.91161
72,1,1368.95,427.83,244.49,271.0,1,1,0.9153
72,2,1164.41,340.89,159.28,218.0,1,1,0.89531
72,3,133.07,223.62,153.47,235.76,1,1,0.92582
72,4,599.74,448.56,171.22,241.71,1,1,0.86128
72,5,1025.23,532.58,152.47,292.59,1,1,0.92302
72,7,364.24,427.46,221.04,271.28,1,1,0.93845
72,8,821.22,509.59,105.9,302.47,1,1,0.88272
72,9,826.48,421.88,161.06,254.22,1,1,0.87348
72,11,1869.95,299.3,48.62,230.84,1,1,0.90938
72,12,975.84,436.14,233.42,255.94,1,1,0.80851
72,15,523.08,425.65,140.84,191.73,1,1,0.8804
72,10,1309.22,438.39,141.92,165.57,1,1,0.6714
73,0,1214.52,436.5,206.92,253.21,1,1,0.91402
73,1,1358.23,428.07,230.3,269.23,1,1,0.9196
73,2,1156.57,341.51,163.69,215.08,1,1,0.89152
73,3,131.87,222.79,155.78,236.65,1,1,0.92299
73,4,601.3,435.08,170.74,257.04,1,1,0.85848
73,5,1023.31,533.97,154.46,290.48,1,1,0.92453
73,7,365.4,420.92,225.5,276.68,1,1,0.92314
73,8,822.15,514.06,105.65,297.46,1,1,0.88332
73,9,823.61,415.6,158.98,258.35,1,1,0.84135
73,11,1870.09,301.09,48.72,227.91,1,1,0.90266
73,12,978.12,435.21,230.06,255.56,1,1,0.84485
73,15,525.95,423.36,139.57,197.11,1,1,0.85874
74,0,1213.9,432.67,191.82,256.22,1,1,0.91749
74,1,1349.54,425.79,229.32,270.53,1,1,0.93366
74,2,1150.01,341.64,168.31,214.26,1,1,0.88991
74,3,130.99,221.12,157.81,237.65,1,1,0.92345
74,4,605.39,426.69,167.35,269.83,1,1,0.87794
74,5,1017.68,534.26,160.74,288.74,1,1,0.92542
74,7,364.22,414.04,229.13,281.37,1,1,0.92994
74,8,822.87,510.01,106.08,300.27,1,1,0.87919
74,9,822.77,409.35,150.56,262.34,1,1,0.82349
74,11,1869.6,302.61,49.33,224.12,1,1,0.91335
74,12,985.74,429.05,223.18,260.08,1,1,0.87633
74,15,530.06,418.78,137.54,205.2,1,1,0.79255
75,0,1208.96,428.82,179.36,260.48,1,1,0.91538
75,1,1338.95,424.58,230.57,270.84,1,1,0.9358
75,2,1144.94,343.6,164.13,211.19,1,1,0.86774
75,3,131.44,220.43,156.74,237.74,1,1,0.92214
75,4,611.18,428.82,232.04,270.34,1,1,0.69812
75,5,1005.04,535.43,173.92,287.06,1,1,0.92411
75,7,364.84,410.04,244.31,282.88,1,1,0.91588
75,8,822.46,503.88,107.2,306.49,1,1,0.85059
75,9,819.94,405.42,133.59,262.64,1,1,0.72216
75,11,1867.48,305.52,51.36,219.91,1,1,0.91289
75,12,987.94,422.7,216.04,260.81,1,1,0.87082
76,0,1202.71,422.69,173.86,266.68,1,1,0.91725
76,1,1326.31,422.52,229.14,269.77,1,1,0.93402
76,2,1139.39,344.69,162.41,207.6,1,1,0.86197
76,3,132.97,219.78,153.41,236.34,1,1,0.92717
76,4,620.51,432.38,250.68,268.17,1,1,0.7728
76,5,998.82,536.3,180.48,284.46,1,1,0.93212
76,7,372.59,407.1,248.74,279.94,1,1,0.91915
76,8,823.68,505.16,104.04,305.16,1,1,0.88305
76,11,1863.35,310.24,55.55,216.5,1,1,0.91768
76,12,1000.93,415.35,187.92,258.89,1,1,0.84823
77,0,1198.38,412.74,172.73,275.64,1,1,0.91217
77,1,1311.19,420.36,223.51,265.39,1,1,0.93281
77,2,1133.93,343.0,153.12,209.78,1,1,0.87147
77,3,134.12,218.82,151.06,234.47,1,1,0.93074
77,4,640.73,434.77,241.77,265.68,1,1,0.725
77,5,996.79,536.35,182.77,282.31,1,1,0.93385
77,7,391.44,405.37,251.88,271.79,1,1,0.92609
77,8,825.73,508.3,100.27,301.08,1,1,0.89761
77,11,1853.65,316.23,65.39,215.16,1,1,0.91256
77,12,1002.88,407.17,171.05,264.1,1,1,0.85502
78,0,1188.58,405.03,174.9,283.36,1,1,0.88269
78,1,1290.31,419.06,217.41,264.67,1,1,0.91128
78,2,1130.76,341.39,154.96,210.89,1,1,0.84006
78,3,132.79,218.53,152.42,234.23,1,1,0.92677
78,4,667.33,430.58,222.72,270.1,1,1,0.85236
78,5,986.48,532.17,193.41,287.02,1,1,0.93182
78,7,415.42,406.04,242.03,263.5,1,1,0.9513
78,8,824.92,510.84,101.12,298.41,1,1,0.89832
78,11,1841.85,319.96,77.15,215.6,1,1,0.92572
78,12,1003.66,400.1,161.29,272.11,1,1,0.86177
79,0,1183.4,398.93,170.88,290.25,1,1,0.88997
79,1,1279.18,416.27,193.85,267.83,1,1,0.91628
79,2,1130.17,339.82,152.61,213.18,1,1,0.83161
79,3,129.13,218.42,156.28,234.73,1,1,0.92785
79,4,695.42,427.92,203.3,273.69,1,1,0.8711
79,5,973.13,528.71,207.76,292.25,1,1,0.93251
79,7,444.56,407.22,219.39,260.47,1,1,0.96136
79,8,824.92,512.71,102.56,295.91,1,1,0.89538
79,11,1827.94,321.56,91.11,221.7,1,1,0.93279
79,12,995.52,393.49,166.56,280.31,1,1,0.88925
80,0,1179.55,394.02,166.7,295.38,1,1,0.88677
80,1,1269.33,411.39,184.44,273.21,1,1,0.91833
80,3,118.06,219.44,167.81,237.16,1,1,0.92726
80,4,706.5,428.61,203.1,274.34,1,1,0.79212
80,5,956.41,526.99,221.83,294.83,1,1,0.93577
80,7,475.29,408.15,186.11,261.26,1,1,0.95524
80,8,823.64,514.39,104.89,294.04,1,1,0.89127
80,11,1812.44,321.88,105.97,229.22,1,1,0.93085
80,12,986.78,387.69,174.69,288.27,1,1,0.89483
81,0,1166.07,390.06,156.02,298.66,1,1,0.86119
81,1,1258.78,406.58,185.2,281.07,1,1,0.91874
81,3,110.0,220.68,177.16,238.33,1,1,0.92745
81,5,944.5,525.58,231.44,297.51,1,1,0.93432
81,7,484.76,405.92,171.24,266.03,1,1,0.94463
81,8,819.19,513.94,108.33,295.81,1,1,0.84239
81,11,1797.21,320.79,121.3,232.02,1,1,0.9303
81,12,983.76,383.47,179.08,294.09,1,1,0.88947
82,0,1153.37,388.89,145.34,295.81,1,1,0.87279
82,1,1245.55,400.29,191.06,290.73,1,1,0.92082
82,3,106.91,220.74,180.99,237.92,1,1,0.92696
82,5,931.32,524.2,234.54,297.47,1,1,0.92351
82,7,486.0,401.06,167.35,267.94,1,1,0.94514
82,8,819.49,512.69,105.1,300.68,1,1,0.8364
82,11,1782.5,318.63,135.89,235.09,1,1,0.92504
82,12,981.89,379.83,181.04,298.14,1,1,0.89289
82,9,827.94,421.87,111.74,132.24,1,1,0.7192
83,0,1144.51,388.44,135.9,292.54,1,1,0.87629
83,1,1236.26,394.79,193.56,297.9,1,1,0.93024
83,3,107.79,220.82,180.3,236.45,1,1,0.92492
83,5,917.02,523.11,232.93,297.67,1,1,0.9202
83,7,487.88,395.14,164.88,268.3,1,1,0.94229
83,8,823.84,512.77,100.35,307.05,1,1,0.88221
83,11,1766.86,318.45,151.78,235.12,1,1,0.92287
83,12,978.52,377.33,188.73,300.33,1,1,0.89591
83,16,969.76,402.37,75.49,141.67,1,1,0.72636
83,9,839.84,418.31,106.3,131.99,1,1,0.78029
84,0,1135.15,389.26,131.44,291.56,1,1,0.86189
84,1,1227.03,390.58,189.34,302.88,1,1,0.92481
84,3,107.25,221.12,180.54,235.38,1,1,0.92646
84,5,915.37,519.59,211.8,300.23,1,1,0.91463
84,7,488.78,389.32,164.03,268.35,1,1,0.93951
84,8,823.83,513.35,100.9,310.41,1,1,0.88615
84,11,1753.95,318.17,162.74,233.87,1,1,0.92122
84,12,977.28,376.07,188.27,301.47,1,1,0.89236
84,4,845.05,415.96,113.62,283.97,1,1,0.65548
85,0,1123.25,394.74,129.69,289.78,1,1,0.84788
85,1,1220.33,390.39,174.77,302.86,1,1,0.92513
85,3,106.77,221.83,180.58,233.84,1,1,0.92595
85,5,920.66,513.91,187.35,304.51,1,1,0.92359
85,7,487.9,382.66,167.8,270.48,1,1,0.93681
85,8,825.4,515.96,99.61,307.91,1,1,0.89822
85,11,1742.97,318.03,174.89,231.63,1,1,0.94223
85,12,978.46,375.42,183.88,302.76,1,1,0.87591
85,4,872.82,415.46,99.43,283.88,1,1,0.78449
85,16,965.4,399.67,68.67,139.81,1,1,0.75148
85,9,830.44,375.89,66.02,159.88,1,1,0.6735
86,0,1113.61,398.18,138.31,290.37,1,1,0.83653
86,1,1209.83,390.61,160.56,298.39,1,1,0.90871
86,3,105.16,219.94,181.31,234.52,1,1,0.92176
86,5,917.48,508.06,177.47,307.98,1,1,0.91513
86,7,485.98,374.86,171.44,277.36,1,1,0.91906
86,8,823.15,518.13,102.39,303.18,1,1,0.8723
86,11,1732.5,316.07,174.7,231.77,1,1,0.92979
86,12,981.77,373.57,163.68,297.55,1,1,0.84251
86,4,876.27,415.99,106.94,278.39,1,1,0.79001
86,16,964.39,399.33,69.54,138.55,1,1,0.74922
86,9,827.18,362.4,65.03,169.74,1,1,0.82979
87,0,1104.04,401.72,132.29,285.82,1,1,0.85953
87,1,1199.28,393.25,155.94,296.25,1,1,0.91398
87,3,103.61,219.13,177.4,233.85,1,1,0.92875
87,5,905.77,503.85,177.63,311.01,1,1,0.91174
87,7,481.03,369.08,179.0,286.56,1,1,0.94562
87,8,778.74,520.9,146.87,299.16,1,1,0.90598
87,11,1718.2,315.23,180.18,232.99,1,1,0.94285
87,12,981.8,372.95,151.66,297.34,1,1,0.85962
87,4,883.35,415.87,115.76,183.91,1,1,0.84429
87,9,826.51,357.5,66.6,177.82,1,1,0.83217
88,0,1095.08,404.35,127.41,282.08,1,1,0.86113
88,1,1187.17,394.62,163.54,295.0,1,1,0.91588
88,3,101.59,217.86,161.74,232.07,1,1,0.93641
88,5,891.93,499.83,178.38,311.93,1,1,0.92258
88,7,478.4,364.07,183.96,295.25,1,1,0.95423
88,8,762.45,525.32,162.75,293.0,1,1,0.89718
88,11,1703.33,314.5,184.63,238.54,1,1,0.94547
88,12,984.58,371.95,138.99,293.61,1,1,0.86775
88,4,894.85,412.74,120.81,143.29,1,1,0.801
88,9,826.88,355.78,69.85,184.85,1,1,0.83047
89,0,1085.28,408.22,122.48,276.27,1,1,0.85788
89,1,1177.55,395.38,173.22,292.38,1,1,0.91534
89,3,97.99,217.57,143.72,230.93,1,1,0.93142
89,5,882.86,496.32,166.72,305.34,1,1,0.91708
89,7,477.81,360.62,186.56,299.83,1,1,0.95263
89,8,754.86,531.9,164.3,285.42,1,1,0.89207
89,11,1685.46,314.84,188.4,244.21,1,1,0.93736
89,12,982.87,371.57,135.17,297.59,1,1,0.85153
89,4,920.85,412.18,104.49,141.32,1,1,0.74626
89,9,826.52,356.46,69.44,189.13,1,1,0.80936
90,0,1077.05,410.21,118.52,274.39,1,1,0.87144
90,1,1170.71,396.28,181.15,292.87,1,1,0.91657
90,3,93.26,216.98,136.92,229.6,1,1,0.93054
90,5,872.18,495.94,150.04,300.16,1,1,0.90806
90,7,485.95,357.53,179.88,302.78,1,1,0.89932
90,8,751.92,535.11,161.66,283.5,1,1,0.90997
90,11,1668.83,316.38,180.08,244.95,1,1,0.93058
90,12,986.69,371.26,118.15,294.77,1,1,0.8216
90,4,928.86,410.54,108.23,230.67,1,1,0.82027
90,9,826.64,359.54,72.04,185.64,1,1,0.81706
91,0,1065.39,411.8,121.55,275.06,1,1,0.85875
91,1,1164.28,396.59,186.94,293.64,1,1,0.91644
91,3,86.88,217.76,135.16,226.7,1,1,0.93079
91,5,855.12,500.33,130.33,290.77,1,1,0.86752
91,7,483.06,353.82,183.2,305.4,1,1,0.92243
91,8,794.89,537.3,120.05,281.17,1,1,0.76568
91,11,1658.07,318.47,162.29,251.26,1,1,0.93333
91,4,937.33,405.92,116.41,273.08,1,1,0.83382
91,9,827.13,365.21,73.6,177.22,1,1,0.80578
92,0,1058.26,414.11,129.52,276.05,1,1,0.83301
92,1,1158.25,398.71,191.68,290.23,1,1,0.90658
92,3,78.49,221.36,134.21,221.21,1,1,0.92476
92,5,831.27,524.0,118.92,290.63,1,1,0.82556
92,7,484.47,349.31,183.15,307.6,1,1,0.90805
92,11,1649.64,322.49,145.76,250.33,1,1,0.94615
92,4,943.85,407.08,126.11,299.13,1,1,0.86902
92,9,827.18,372.81,72.96,172.95,1,1,0.80536
92,16,918.53,393.28,88.09,175.03,1,1,0.70014
93,0,1055.6,414.43,130.71,276.39,1,1,0.82654
93,1,1154.05,400.09,189.11,281.08,1,1,0.91074
93,3,68.09,225.44,134.89,214.66,1,1,0.94084
93,5,824.01,533.06,114.45,300.12,1,1,0.86203
93,7,505.59,344.77,162.51,309.4,1,1,0.91408
93,11,1637.76,328.62,139.89,244.17,1,1,0.94317
93,4,940.5,406.86,142.12,316.14,1,1,0.88208
93,9,827.53,377.48,76.33,170.91,1,1,0.83347
93,10,1216.42,341.66,104.54,198.94,1,1,0.86467
94,0,1054.35,409.53,109.87,279.8,1,1,0.80611
94,1,1146.14,399.92,183.81,282.49,1,1,0.91249
94,3,56.93,228.94,139.53,212.18,1,1,0.93557
94,5,822.34,536.88,112.31,312.73,1,1,0.89001
94,7,520.04,339.49,150.85,312.65,1,1,0.91316
94,11,1621.4,335.0,145.61,235.28,1,1,0.91659
94,4,941.73,405.24,155.67,326.67,1,1,0.88633
94,9,828.51,380.07,77.98,178.49,1,1,0.82456
94,10,1210.3,333.39,104.24,214.99,1,1,0.87204
95,1,1134.72,398.95,180.64,286.71,1,1,0.91254
95,3,45.36,231.51,145.06,211.95,1,1,0.94008
95,5,821.7,536.47,111.58,317.12,1,1,0.88269
95,7,527.05,336.25,145.69,315.51,1,1,0.90185
95,11,1591.59,340.95,167.57,226.83,1,1,0.91674
95,4,968.25,403.15,154.54,331.28,1,1,0.83743
95,9,829.4,380.78,79.82,180.41,1,1,0.80315
95,10,1205.2,326.64,106.91,227.34,1,1,0.8498
95,12,935.1,363.32,109.12,305.18,1,1,0.88594
96,1,1129.46,395.78,179.82,290.79,1,1,0.92528
96,3,35.62,230.63,151.38,215.52,1,1,0.94683
96,5,823.53,533.6,113.25,319.12,1,1,0.91117
96,7,537.38,333.62,137.25,318.41,1,1,0.91375
96,11,1565.0,344.79,191.1,220.86,1,1,0.92542
96,4,999.6,400.96,142.02,330.46,1,1,0.87573
96,9,830.86,381.09,80.41,194.61,1,1,0.81712
96,10,1197.77,320.39,115.64,235.75,1,1,0.86457
96,12,936.12,359.76,104.76,311.56,1,1,0.90472
97,1,1131.27,390.4,174.67,295.7,1,1,0.91912
97,3,28.53,228.42,156.28,217.65,1,1,0.92935
97,5,825.12,533.38,120.13,317.7,1,1,0.90459
97,7,551.64,332.74,125.33,319.39,1,1,0.90768
97,11,1546.66,348.09,212.1,217.78,1,1,0.93474
97,4,1023.49,396.06,136.19,333.81,1,1,0.87444
97,9,831.71,381.3,81.7,212.61,1,1,0.86575
97,10,1195.19,316.41,120.68,240.63,1,1,0.89817
97,12,937.43,357.04,104.23,315.74,1,1,0.88741
98,1,1133.77,385.35,172.15,297.84,1,1,0.90078
98,3,25.15,226.72,156.65,217.1,1,1,0.93233
98,5,828.38,532.76,128.98,316.76,1,1,0.90213
98,7,563.12,333.62,118.44,319.15,1,1,0.89381
98,11,1537.8,351.54,214.38,214.11,1,1,0.93327
98,4,1038.92,391.73,137.97,334.63,1,1,0.85923
98,9,833.3,381.86,85.09,220.58,1,1,0.85027
98,10,1200.53,318.1,119.48,235.13,1,1,0.89822
98,12,934.59,357.56,106.2,311.25,1,1,0.83002
99,1,1137.37,381.83,170.06,290.47,1,1,0.87174
99,3,25.58,225.66,160.08,215.49,1,1,0.92535
99,5,830.77,533.71,141.93,312.74,1,1,0.91505
99,7,572.75,334.58,111.86,323.95,1,1,0.89571
99,11,1534.06,352.8,210.15,212.09,1,1,0.93591
99,4,1060.98,386.92,134.26,334.89,1,1,0.84882
99,9,835.14,381.14,88.41,234.84,1,1,0.84121
99,10,1209.0,321.91,117.83,230.72,1,1,0.9001
99,12,929.54,361.71,95.59,284.05,1,1,0.76116
99,17,486.41,323.31,122.22,289.27,1,1,0.74993
99,0,1004.06,407.62,103.65,275.05,1,1,0.82315
100,1,1137.0,379.37,172.56,283.07,1,1,0.86662
100,3,29.61,225.63,164.84,213.45,1,1,0.92766
100,5,832.59,538.85,155.11,303.58,1,1,0.90638
100,7,580.7,334.4,105.96,331.82,1,1,0.90312
100,11,1533.4,351.56,196.59,214.88,1,1,0.93712
100,4,1079.23,384.97,134.49,335.56,1,1,0.88963
100,9,836.41,378.71,94.02,267.26,1,1,0.88705
100,10,1216.27,324.83,125.55,235.69,1,1,0.90669
100,12,930.47,361.39,87.71,234.74,1,1,0.78418
100,17,494.4,322.98,117.51,287.03,1,1,0.73213
100,0,979.73,406.66,127.61,272.64,1,1,0.86804
100,15,694.16,512.54,88.68,244.74,1,1,0.6898
101,1,1134.47,378.53,175.59,276.01,1,1,0.76558
101,3,33.22,226.09,167.68,209.4,1,1,0.93371
101,5,831.72,539.22,172.28,299.83,1,1,0.91698
101,7,579.92,336.35,108.77,332.8,1,1,0.90219
101,11,1532.16,348.59,192.68,218.88,1,1,0.94472
101,4,1102.99,382.36,129.86,336.4,1,1,0.87635
101,9,836.36,375.6,99.5,276.96,1,1,0.8792
101,10,1221.97,327.83,136.43,244.98,1,1,0.9125
101,12,931.37,363.1,82.98,211.81,1,1,0.78793
101,0,982.36,405.61,122.89,271.9,1,1,0.83145
101,15,695.82,520.12,87.15,237.08,1,1,0.86508
102,3,34.35,225.55,170.88,211.36,1,1,0.93013
102,5,832.5,537.75,187.06,297.63,1,1,0.91867
102,7,575.53,338.22,118.69,332.39,1,1,0.90107
102,11,1531.07,344.7,201.13,222.52,1,1,0.94268
102,4,1125.64,383.27,127.01,335.71,1,1,0.84898
102,9,836.85,373.48,103.42,272.54,1,1,0.89194
102,10,1227.68,327.89,145.75,256.97,1,1,0.90655
102,12,932.99,362.87,79.12,196.03,1,1,0.80792
102,0,983.56,390.25,131.19,284.59,1,1,0.83293
103,3,33.95,222.64,172.63,223.42,1,1,0.92957
103,5,832.91,535.77,204.52,295.56,1,1,0.91138
103,7,575.86,338.39,127.94,331.01,1,1,0.89973
103,11,1532.24,337.78,217.15,227.63,1,1,0.9435
103,4,1144.06,385.83,135.57,333.33,1,1,0.83712
103,9,837.75,371.83,109.64,270.89,1,1,0.88974
103,10,1234.76,325.72,149.94,266.92,1,1,0.91706
103,12,933.3,361.57,77.06,193.52,1,1,0.72087
103,0,976.72,382.64,139.15,287.97,1,1,0.80328
103,15,695.13,500.67,156.37,252.64,1,1,0.86886
104,3,33.88,220.74,172.3,233.31,1,1,0.93185
104,5,832.82,534.43,223.69,295.47,1,1,0.92199
104,7,571.77,336.8,144.37,330.63,1,1,0.89863
104,11,1537.94,330.8,227.99,232.91,1,1,0.94818
104,4,1158.66,390.79,146.76,331.07,1,1,0.89903
104,9,837.96,372.41,120.34,278.14,1,1,0.88848
104,10,1241.53,322.63,148.16,277.09,1,1,0.91822
104,12,937.45,362.99,70.58,182.06,1,1,0.82534
104,0,978.56,378.73,135.67,283.76,1,1,0.80748
104,15,694.98,496.86,173.92,251.3,1,1,0.86662
104,2,1080.91,370.31,125.68,285.82,1,1,0.80776
105,3,33.42,218.89,170.85,238.04,1,1,0.92757
105,5,833.68,532.55,243.58,294.51,1,1,0.9254
105,7,571.21,334.75,155.23,330.26,1,1,0.90627
105,11,1554.35,325.13,216.41,236.14,1,1,0.95337
105,4,1174.28,394.51,154.58,327.18,1,1,0.91615
105,9,837.93,372.14,128.11,283.11,1,1,0.89685
105,10,1248.13,320.05,145.15,281.52,1,1,0.91848
105,12,938.89,363.76,68.14,173.78,1,1,0.82617
105,0,978.1,375.08,132.49,232.26,1,1,0.78144
105,15,693.7,505.7,180.05,234.02,1,1,0.8529
105,2,1079.96,369.28,128.17,291.56,1,1,0.84604
106,3,29.03,218.66,172.16,246.87,1,1,0.91908
106,5,837.46,530.23,253.5,294.72,1,1,0.93109
106,7,569.9,331.99,162.62,330.82,1,1,0.90607
106,11,1572.98,319.91,218.72,239.05,1,1,0.94754
106,4,1196.1,398.58,170.42,320.85,1,1,0.93889
106,9,839.58,370.88,132.24,296.21,1,1,0.88303
106,10,1254.64,318.02,144.61,280.38,1,1,0.9147
106,12,939.4,363.94,67.31,173.45,1,1,0.79385
106,0,979.22,372.31,129.22,210.28,1,1,0.83119
106,15,694.04,509.92,181.59,224.04,1,1,0.84101
106,1,1102.42,364.51,128.02,297.17,1,1,0.89237
107,3,14.32,218.51,180.36,252.24,1,1,0.91476
107,5,848.0,528.43,257.17,293.39,1,1,0.91953
107,7,567.74,329.76,166.36,330.25,1,1,0.89719
107,11,1587.46,315.17,213.37,241.5,1,1,0.94829
107,4,1207.53,400.09,192.93,316.59,1,1,0.92385
107,9,841.9,371.92,136.62,308.78,1,1,0.87231
107,10,1252.47,316.13,150.01,271.19,1,1,0.88377
107,12,935.15,361.36,69.07,176.15,1,1,0.6934
107,0,978.49,371.19,122.72,212.78,1,1,0.83755
107,15,688.81,508.5,187.22,222.27,1,1,0.89038
107,1,1092.7,360.93,137.28,298.01,1,1,0.89969
108,3,5.45,219.94,181.65,252.73,1,1,0.90821
108,5,871.57,527.27,249.92,292.22,1,1,0.92342
108,7,567.56,328.91,168.3,330.65,1,1,0.90019
108,11,1598.61,312.48,205.01,243.02,1,1,0.94491
108,4,1212.98,401.47,212.79,313.8,1,1,0.92015
108,9,845.39,373.07,140.44,318.66,1,1,0.88042
108,10,1248.62,313.14,159.78,257.12,1,1,0.88355
108,12,930.61,359.98,72.09,178.97,1,1,0.75463
108,0,978.85,372.59,119.11,216.59,1,1,0.80477
108,15,685.09,507.99,191.43,222.73,1,1,0.89893
108,1,1088.4,358.41,150.39,298.79,1,1,0.88535
109,3,0.23,221.73,173.91,249.17,1,1,0.91609
109,5,904.18,527.65,233.28,288.56,1,1,0.92246
109,7,568.68,329.34,168.84,331.5,1,1,0.90798
109,11,1608.53,311.99,200.25,242.53,1,1,0.9396
109,4,1215.19,397.75,226.08,320.34,1,1,0.92873
109,9,848.68,374.38,143.24,324.06,1,1,0.88352
109,10,1245.78,314.56,166.82,214.95,1,1,0.82423
109,12,923.89,355.25,75.6,184.28,1,1,0.68727
109,0,979.23,375.52,121.41,223.05,1,1,0.79241
109,15,683.33,510.71,191.07,218.02,1,1,0.91063
109,1,1086.02,357.51,170.15,296.87,1,1,0.90025
110,3,-1.28,225.18,159.28,241.79,1,1,0.9292
110,5,944.57,528.03,211.2,285.5,1,1,0.91216
110,7,572.98,331.55,166.53,330.02,1,1,0.91017
110,11,1632.65,312.61,181.15,248.71,1,1,0.94473
110,4,1219.91,392.56,227.88,328.41,1,1,0.93415
110,9,854.8,377.89,146.72,321.37,1,1,0.89143
110,10,1247.5,322.08,168.9,185.0,1,1,0.78032
110,0,980.57,377.39,120.6,221.62,1,1,0.80026
110,15,681.42,512.69,192.84,214.48,1,1,0.91946
110,1,1080.74,359.07,186.99,288.73,1,1,0.89883
111,3,-1.72,229.35,145.32,239.91,1,1,0.92957
111,5,981.22,532.5,200.34,279.07,1,1,0.92708
111,7,578.63,335.12,160.8,329.45,1,1,0.91835
111,11,1663.43,313.42,152.94,255.13,1,1,0.95207
111,4,1228.98,391.82,232.28,331.01,1,1,0.92392
111,9,856.87,383.74,158.85,316.73,1,1,0.88428
111,10,1250.72,330.34,151.5,227.77,1,1,0.69283
111,0,978.1,377.89,125.74,230.64,1,1,0.83439
111,15,679.5,510.6,194.48,215.63,1,1,0.91418
111,1,1075.9,360.26,194.63,273.45,1,1,0.89398
112,3,-1.85,234.74,141.4,239.01,1,1,0.93157
112,5,992.41,534.0,207.0,279.34,1,1,0.92681
112,7,581.4,338.7,158.81,325.74,1,1,0.91539
112,11,1674.02,315.24,147.23,255.94,1,1,0.94375
112,4,1243.11,393.35,235.4,328.52,1,1,0.92089
112,9,858.06,390.18,169.16,309.68,1,1,0.89385
112,10,1254.32,334.39,127.29,245.19,1,1,0.89804
112,0,980.76,378.28,127.32,240.36,1,1,0.83122
112,15,677.85,504.26,195.0,220.96,1,1,0.9106
112,1,1070.06,360.6,196.07,261.37,1,1,0.89994
113,3,-3.21,239.45,140.07,235.31,1,1,0.92245
113,5,995.52,530.17,222.01,288.39,1,1,0.94441
113,7,575.78,341.35,161.04,321.98,1,1,0.90348
113,11,1670.68,316.5,154.63,254.31,1,1,0.93604
113,4,1260.38,393.95,227.05,325.65,1,1,0.93795
113,9,848.52,396.13,182.94,301.93,1,1,0.89922
113,10,1252.81,337.78,120.79,251.86,1,1,0.91499
113,0,976.67,373.34,128.15,249.93,1,1,0.87366
113,15,673.04,494.98,197.34,228.28,1,1,0.90596
113,1,1060.98,359.18,187.6,253.37,1,1,0.89075
114,3,-6.14,243.04,131.5,235.43,1,1,0.88822
114,5,996.21,526.3,225.97,296.91,1,1,0.9555
114,7,560.41,343.88,166.7,317.98,1,1,0.90044
114,11,1655.44,318.49,165.34,253.24,1,1,0.92865
114,4,1276.64,393.95,208.53,324.07,1,1,0.93367
114,9,837.83,399.88,181.42,297.9,1,1,0.89233
114,10,1242.52,339.61,123.53,254.86,1,1,0.91489
114,0,962.41,378.52,128.31,247.01,1,1,0.84693
114,15,660.74,498.12,192.89,224.6,1,1,0.89926
114,1,1038.65,354.49,164.06,244.59,1,1,0.86498
115,3,-9.32,244.46,116.09,238.7,1,1,0.86677
115,5,991.22,524.31,225.34,305.83,1,1,0.95469
115,7,533.49,346.25,168.89,314.71,1,1,0.88711
115,11,1627.28,318.05,184.65,254.12,1,1,0.93524
115,4,1288.69,393.52,181.99,324.45,1,1,0.92428
115,9,814.8,396.69,180.2,301.12,1,1,0.89043
115,10,1219.53,340.47,132.16,254.41,1,1,0.90853
115,0,938.18,393.14,128.15,232.26,1,1,0.84076
115,15,637.12,495.34,191.34,227.33,1,1,0.88529
115,1,1010.73,349.01,155.16,252.24,1,1,0.88235
116,3,-9.29,245.06,95.37,245.29,1,1,0.88971
116,5,992.4,522.92,218.94,309.4,1,1,0.9511
116,7,501.93,345.73,177.98,314.02,1,1,0.8889
116,11,1601.46,314.05,200.48,256.85,1,1,0.93602
116,4,1293.05,394.13,162.58,323.93,1,1,0.92664
116,9,782.98,390.48,186.59,306.98,1,1,0.89739
116,10,1194.27,340.11,144.22,263.55,1,1,0.87969
116,0,905.59,392.72,135.12,232.25,1,1,0.85631
116,15,610.1,490.59,186.45,230.91,1,1,0.88795
116,1,975.29,343.39,167.16,268.49,1,1,0.87328
117,3,-6.04,243.56,81.51,248.21,1,1,0.89475
117,5,1009.14,523.31,202.69,309.31,1,1,0.95022
117,7,485.91,344.0,170.38,312.51,1,1,0.88802
117,11,1589.22,308.67,209.84,258.94,1,1,0.94295
117,4,1289.92,393.08,158.38,324.51,1,1,0.92738
117,9,761.48,381.62,185.08,313.97,1,1,0.90691
117,10,1171.99,338.89,157.25,270.28,1,1,0.91435
117,0,881.49,371.55,136.59,253.05,1,1,0.85543
117,15,578.01,479.77,189.33,241.17,1,1,0.91234
117,1,950.35,337.7,176.08,281.57,1,1,0.89261
117,18,1832.92,-0.09,81.83,198.32,1,1,0.93715
118,3,-4.55,241.37,68.32,266.15,1,1,0.82941
118,5,1016.06,525.73,196.5,307.51,1,1,0.92543
118,7,471.88,343.54,162.05,309.4,1,1,0.87464
118,11,1590.85,306.55,211.4,256.7,1,1,0.94087
118,4,1284.16,397.4,154.71,322.49,1,1,0.92069
118,9,744.32,377.23,178.48,316.55,1,1,0.9037
118,10,1147.33,344.47,167.22,270.88,1,1,0.89674
118,0,858.63,360.33,129.28,261.61,1,1,0.84467
118,15,544.21,471.96,203.08,251.0,1,1,0.9123
118,1,927.54,333.81,182.5,287.1,1,1,0.90984
118,18,1807.36,0.04,103.68,196.16,1,1,0.93987
119,3,-4.52,241.14,50.34,271.87,1,1,0.78674
119,5,997.9,525.06,208.45,308.66,1,1,0.94703
119,7,452.9,341.22,145.79,306.32,1,1,0.87604
119,11,1595.09,305.44,206.96,253.78,1,1,0.9433
119,4,1270.15,400.31,152.59,319.28,1,1,0.93051
119,9,717.74,373.44,174.89,318.5,1,1,0.9016
119,10,1123.01,353.58,167.73,262.73,1,1,0.88492
119,0,831.51,360.69,138.08,264.13,1,1,0.75215
119,15,507.35,469.26,215.23,249.39,1,1,0.89846
119,1,893.39,331.4,192.35,285.34,1,1,0.90569
119,18,1774.27,0.09,125.65,194.38,1,1,0.91703
120,3,-3.63,237.8,25.35,298.21,1,1,0.70643
120,5,966.75,523.43,225.9,311.85,1,1,0.93506
120,7,420.43,338.59,138.47,305.52,1,1,0.87809
120,11,1599.41,305.79,188.36,250.97,1,1,0.92305
120,4,1242.17,401.96,162.81,316.82,1,1,0.93489
120,9,682.59,368.95,175.58,322.24,1,1,0.89872
120,10,1097.13,361.79,164.29,242.34,1,1,0.88818
120,0,792.76,354.61,136.41,270.61,1,1,0.76238
120,15,467.66,466.64,223.81,250.5,1,1,0.90714
120,1,850.11,328.06,200.39,289.04,1,1,0.89116
120,18,1737.56,0.06,134.66,189.3,1,1,0.91527
120,17,340.46,334.82,125.46,282.4,1,1,0.72325
121,5,938.69,521.95,239.37,313.36,1,1,0.94161
121,7,388.26,337.03,130.03,303.61,1,1,0.88129
121,11,1582.66,307.29,188.29,245.15,1,1,0.91917
121,4,1205.49,400.29,187.99,317.02,1,1,0.94239
121,9,647.75,366.42,177.38,324.84,1,1,0.90521
121,10,1070.2,366.22,162.2,221.97,1,1,0.89567
121,0,751.09,354.13,130.94,266.25,1,1,0.83956
121,15,428.37,463.45,223.34,251.88,1,1,0.91429
121,1,807.53,325.94,202.7,291.59,1,1,0.90262
121,18,1700.1,-0.02,138.95,183.38,1,1,0.91309
121,17,294.45,332.93,131.55,284.66,1,1,0.89468
122,5,919.03,520.9,246.37,316.3,1,1,0.94498
122,7,353.83,336.28,122.78,301.29,1,1,0.88118
122,11,1554.01,305.94,195.04,244.28,1,1,0.9391
122,4,1167.84,397.18,209.82,319.86,1,1,0.94581
122,9,613.9,368.44,180.99,321.61,1,1,0.89966
122,10,1044.89,367.28,161.05,211.83,1,1,0.89161
122,0,710.27,336.55,127.86,280.5,1,1,0.84009
122,15,395.51,461.66,221.51,253.25,1,1,0.91891
122,1,767.81,323.96,196.77,294.2,1,1,0.88701
122,18,1660.8,-0.11,143.46,177.66,1,1,0.90107
122,17,248.72,331.18,137.43,287.37,1,1,0.90729
122,6,547.21,354.96,78.67,132.6,1,1,0.72182
123,5,909.41,521.64,240.93,318.33,1,1,0.93402
123,7,317.88,337.38,120.8,304.7,1,1,0.88953
123,11,1527.17,305.29,201.49,244.33,1,1,0.94148
123,4,1133.96,392.53,223.31,328.12,1,1,0.93843
123,9,580.8,368.42,187.07,323.12,1,1,0.8944
123,10,1015.95,366.82,165.08,210.25,1,1,0.90918
123,0,669.97,324.92,127.49,288.85,1,1,0.86636
123,15,367.5,462.62,222.47,251.47,1,1,0.92646
123,1,734.93,321.36,190.22,297.58,1,1,0.9131
123,18,1626.09,0.3,141.47,170.94,1,1,0.89318
123,17,206.02,331.18,141.72,291.0,1,1,0.90344
123,6,510.32,354.07,81.75,131.73,1,1,0.73333
124,5,906.79,523.22,229.32,318.9,1,1,0.93076
124,7,279.51,340.85,118.22,304.8,1,1,0.88366
124,11,1503.85,304.64,199.12,245.56,1,1,0.94523
124,4,1107.04,389.43,229.63,335.39,1,1,0.93976
124,9,545.23,370.43,194.16,323.19,1,1,0.90259
124,10,983.65,367.41,174.22,219.91,1,1,0.92309
124,0,625.23,319.41,124.83,280.04,1,1,0.84535
124,15,345.1,464.4,219.33,245.19,1,1,0.91735
124,1,694.14,319.82,190.85,299.01,1,1,0.91578
124,18,1592.08,0.54,138.87,166.35,1,1,0.88955
124,17,159.81,333.2,146.37,292.04,1,1,0.90554
124,6,468.48,353.04,83.49,139.81,1,1,0.77928
125,5,912.31,524.88,208.36,317.4,1,1,0.91459
125,7,232.17,343.75,120.84,305.08,1,1,0.89289
125,11,1484.71,303.46,183.71,250.26,1,1,0.94456
125,4,1085.8,385.94,228.9,339.46,1,1,0.93325
125,9,511.59,374.5,196.27,320.33,1,1,0.90603
125,10,962.08,368.94,167.41,245.26,1,1,0.89504
125,0,577.63,314.44,126.11,273.69,1,1,0.84134
125,15,369.15,463.33,162.22,239.42,1,1,0.89357
125,1,646.23,317.35,199.53,299.07,1,1,0.92308
125,18,1549.77,0.29,137.63,158.17,1,1,0.86386
125,17,112.13,335.66,151.65,291.15,1,1,0.8988
126,5,922.89,523.54,183.53,315.83,1,1,0.9269
126,7,184.97,344.75,126.02,308.02,1,1,0.90342
126,11,1479.0,301.71,163.32,252.21,1,1,0.95624
126,4,1072.59,381.99,218.87,341.21,1,1,0.94799
126,9,480.35,375.8,195.44,318.86,1,1,0.89959
126,10,936.73,375.18,161.56,254.79,1,1,0.8707
126,0,532.41,310.89,123.2,260.79,1,1,0.79319
126,15,359.76,460.79,144.64,238.0,1,1,0.89993
126,1,603.1,313.82,207.24,295.89,1,1,0.93899
126,18,1508.82,-0.32,135.38,149.12,1,1,0.89688
126,17,66.27,339.43,156.66,284.89,1,1,0.90225
127,5,909.69,521.65,188.43,319.77,1,1,0.94165
127,7,147.85,346.78,127.11,316.57,1,1,0.91288
127,11,1490.7,302.13,132.29,250.76,1,1,0.95836
127,4,1068.02,377.77,197.38,342.62,1,1,0.95463
127,9,452.07,381.52,194.47,312.18,1,1,0.90631
127,10,906.08,378.56,178.56,260.17,1,1,0.92122
127,0,499.9,305.06,116.72,224.09,1,1,0.82495
127,15,334.78,455.57,154.74,243.54,1,1,0.90535
127,1,566.3,310.5,210.06,295.01,1,1,0.94208
127,18,1470.6,-0.3,130.75,143.33,1,1,0.90879
127,17,26.14,343.81,163.38,277.48,1,1,0.93243
127,6,339.57,354.38,96.73,233.62,1,1,0.78265
128,5,888.17,517.69,202.92,322.95,1,1,0.94909
128,7,111.25,347.88,132.04,322.63,1,1,0.92411
128,11,1497.11,304.29,111.25,246.95,1,1,0.93323
128,4,1065.91,374.4,179.24,341.76,1,1,0.9479
128,9,428.52,383.95,191.11,304.7,1,1,0.89593
128,10,872.29,381.15,197.35,261.59,1,1,0.92768
128,0,470.27,307.4,121.43,257.66,1,1,0.8338
128,15,302.5,449.89,173.99,252.68,1,1,0.91112
128,1,531.68,308.53,212.84,284.32,1,1,0.93141
128,18,1436.83,-0.12,133.37,138.1,1,1,0.92736
128,17,-2.32,345.05,153.36,274.18,1,1,0.93226
128,6,304.32,356.67,107.93,254.66,1,1,0.83919
129,5,870.64,513.24,220.21,325.99,1,1,0.94856
129,7,76.41,348.57,136.19,324.21,1,1,0.90709
129,11,1492.36,305.54,106.81,241.33,1,1,0.91899
129,4,1055.75,371.22,173.05,338.99,1,1,0.93447
129,9,408.88,385.82,182.43,296.73,1,1,0.85808
129,10,840.02,379.16,216.07,263.58,1,1,0.92377
129,0,437.96,305.35,111.99,203.96,1,1,0.75058
129,15,273.67,446.41,183.49,258.56,1,1,0.90775
129,1,496.1,304.45,217.56,280.24,1,1,0.93187
129,18,1403.52,-0.15,146.42,134.91,1,1,0.91485
129,17,-11.19,343.17,131.59,290.94,1,1,0.89748
129,6,273.57,355.68,120.28,261.15,1,1,0.83647
130,5,858.4,510.39,238.13,328.27,1,1,0.94994
130,7,42.01,347.96,140.28,324.26,1,1,0.89711
130,11,1477.61,306.41,118.68,236.54,1,1,0.91936
130,4,1043.81,369.23,171.39,338.21,1,1,0.92911
130,9,370.59,385.28,190.69,293.14,1,1,0.86104
130,10,816.03,377.0,224.4,262.97,1,1,0.93156
130,0,404.76,300.0,110.51,187.18,1,1,0.77645
130,15,245.41,447.58,194.65,262.08,1,1,0.89858
130,1,462.18,299.5,220.96,280.13,1,1,0.93179
130,18,1370.83,-0.23,155.19,132.11,1,1,0.91784
130,17,-12.14,338.8,96.82,309.86,1,1,0.86877
130,6,241.65,357.91,134.12,269.41,1,1,0.85726
131,5,851.04,510.1,244.5,330.18,1,1,0.95476
131,7,5.06,346.33,145.35,325.19,1,1,0.95233
131,11,1451.09,307.29,152.84,233.67,1,1,0.93994
131,4,1029.88,369.52,173.68,336.16,1,1,0.93682
131,9,354.93,419.35,173.08,256.11,1,1,0.71174
131,10,805.42,377.59,215.09,259.29,1,1,0.93345
131,0,372.27,298.19,110.68,176.39,1,1,0.78139
131,15,236.19,446.22,189.83,267.78,1,1,0.87394
131,1,420.13,295.57,227.51,280.94,1,1,0.91242
131,18,1338.47,0.13,157.94,129.54,1,1,0.92403
131,17,-9.25,332.08,57.32,323.48,1,1,0.79126
131,6,209.7,358.58,137.2,274.33,1,1,0.83074
132,5,854.12,512.08,234.92,329.77,1,1,0.95577
132,7,-9.4,342.52,127.97,327.53,1,1,0.96151
132,11,1428.86,306.1,177.25,236.77,1,1,0.94215
132,4,1009.59,370.2,184.94,336.38,1,1,0.93116
132,9,318.29,392.19,175.97,280.66,1,1,0.68118
132,10,801.77,378.46,204.16,256.23,1,1,0.92847
132,0,335.36,292.37,111.14,169.24,1,1,0.82633
132,15,242.16,444.4,173.29,271.28,1,1,0.89572
132,1,381.13,290.75,228.0,281.92,1,1,0.90443
132,18,1312.55,0.03,157.7,126.07,1,1,0.91509
132,6,181.83,359.36,138.63,270.82,1,1,0.84146
133,5,870.21,513.25,216.32,328.95,1,1,0.9415
133,7,-12.25,338.69,100.14,330.33,1,1,0.95287
133,11,1417.9,305.57,182.66,245.57,1,1,0.94642
133,4,1000.79,371.88,186.41,337.59,1,1,0.94193
133,9,280.47,383.66,149.73,179.48,1,1,0.72081
133,10,799.24,381.71,194.56,261.37,1,1,0.95366
133,0,303.67,287.26,108.74,159.78,1,1,0.77312
133,15,229.99,445.09,175.09,270.62,1,1,0.89618
133,1,341.81,284.75,228.2,283.75,1,1,0.89926
133,18,1293.1,-0.03,157.05,120.78,1,1,0.88103
133,6,149.16,352.62,151.91,274.79,1,1,0.84387
134,5,898.45,515.46,192.28,325.31,1,1,0.912
134,7,-9.46,336.21,69.38,329.44,1,1,0.90558
134,11,1417.2,305.62,177.72,249.38,1,1,0.94542
134,4,993.12,374.32,194.89,334.48,1,1,0.93713
134,9,255.73,379.98,114.74,140.0,1,1,0.79252
134,10,802.97,385.73,173.89,261.21,1,1,0.95261
134,0,275.28,288.62,108.12,150.53,1,1,0.84381
134,15,209.39,442.24,190.99,273.35,1,1,0.91098
134,1,313.19,280.86,214.78,285.32,1,1,0.89597
134,6,129.68,352.35,148.01,271.61,1,1,0.73313
135,5,917.67,516.34,181.75,322.75,1,1,0.90868
135,7,-5.49,374.9,37.75,291.96,1,1,0.75304
135,11,1428.7,305.68,165.88,251.05,1,1,0.94078
135,4,983.3,377.16,212.77,329.63,1,1,0.92693
135,9,231.63,378.8,107.03,146.18,1,1,0.6773
135,10,811.63,387.55,150.03,261.9,1,1,0.94965
135,0,243.78,284.33,111.03,155.02,1,1,0.83424
135,15,190.88,437.32,210.11,277.73,1,1,0.92715
135,1,281.09,277.32,209.85,285.44,1,1,0.87861
135,6,93.71,359.79,164.35,262.43,1,1,0.86642
136,5,908.19,515.0,202.91,323.05,1,1,0.91273
136,11,1425.15,308.64,164.63,248.36,1,1,0.92179
136,4,966.74,378.74,236.22,323.93,1,1,0.88062
136,9,199.68,378.89,115.3,225.54,1,1,0.83714
136,10,819.12,384.68,160.15,271.9,1,1,0.8759
136,0,213.98,282.29,114.47,157.5,1,1,0.80854
136,15,181.8,433.37,224.34,283.11,1,1,0.91003
136,1,249.91,275.74,206.76,280.68,1,1,0.85671
136,6,62.6,361.91,175.83,260.4,1,1,0.86945
137,5,893.74,509.91,224.84,325.42,1,1,0.91811
137,11,1406.76,310.69,172.58,244.5,1,1,0.91577
137,4,968.74,378.04,236.82,318.76,1,1,0.85395
137,9,173.05,377.56,126.18,271.79,1,1,0.8526
137,10,815.46,381.07,167.56,285.37,1,1,0.87345
137,0,184.48,282.25,115.35,149.52,1,1,0.81131
137,15,183.06,428.85,223.53,289.18,1,1,0.91507
137,1,223.77,275.96,175.81,222.9,1,1,0.84564
137,6,37.3,336.81,172.42,284.66,1,1,0.85037
137,18,1242.86,-0.75,151.28,95.86,1,1,0.80995
138,5,881.76,504.59,259.66,327.01,1,1,0.93534
138,11,1396.26,310.96,176.49,243.06,1,1,0.94006
138,4,962.78,374.35,236.58,317.02,1,1,0.85313
138,9,144.07,374.34,139.74,298.55,1,1,0.88839
138,10,800.81,379.19,157.31,294.75,1,1,0.88577
138,0,154.96,284.15,117.5,138.5,1,1,0.84513
138,15,189.17,424.02,213.98,295.05,1,1,0.92875
138,1,190.26,274.78,171.06,205.55,1,1,0.84377
138,6,16.27,318.17,155.71,301.19,1,1,0.868
138,18,1225.74,-0.69,154.42,93.11,1,1,0.87401
139,5,880.07,500.29,279.41,328.57,1,1,0.94158
139,11,1388.58,309.5,180.24,250.58,1,1,0.95057
139,4,958.13,370.92,235.64,316.58,1,1,0.85449
139,9,115.32,367.82,159.38,314.51,1,1,0.90433
139,10,783.79,378.83,162.7,308.11,1,1,0.91532
139,0,127.07,286.37,116.87,129.39,1,1,0.83743
139,15,205.46,419.15,196.83,299.47,1,1,0.93466
139,1,165.49,275.83,164.96,203.09,1,1,0.86954
139,6,-1.35,304.82,144.77,316.23,1,1,0.86272
139,18,1209.67,-0.59,164.78,88.3,1,1,0.87879
140,5,884.92,496.97,275.26,331.1,1,1,0.94321
140,11,1383.13,308.82,178.39,260.19,1,1,0.95421
140,4,960.71,367.14,230.61,319.52,1,1,0.87685
140,9,85.18,363.65,175.92,320.89,1,1,0.90275
140,10,774.15,380.7,172.05,312.02,1,1,0.9261
140,0,95.24,293.97,119.35,117.9,1,1,0.7833
140,15,220.89,415.12,176.6,302.11,1,1,0.93331
140,1,134.03,277.49,166.86,201.44,1,1,0.86259
140,6,-8.19,290.04,123.54,327.14,1,1,0.76674
140,18,1193.73,-0.31,173.71,82.31,1,1,0.88466
141,5,901.7,497.39,245.98,328.89,1,1,0.93085
141,11,1387.31,309.55,162.08,266.9,1,1,0.95665
141,4,939.22,363.91,244.15,318.55,1,1,0.84289
141,9,56.65,363.89,182.89,317.79,1,1,0.88923
141,10,761.12,383.66,194.75,310.36,1,1,0.9217
141,15,222.74,409.9,166.55,305.3,1,1,0.95081
141,1,101.37,278.91,170.74,215.72,1,1,0.84667
141,6,-9.2,283.04,83.55,310.68,1,1,0.71039
141,18,1182.49,-0.3,176.36,77.17,1,1,0.8688
141,16,0.01,369.09,146.46,242.38,1,1,0.75469
142,5,927.03,495.7,214.97,329.31,1,1,0.91906
142,11,1405.83,310.92,138.13,268.63,1,1,0.94443
142,4,923.58,361.72,258.04,313.12,1,1,0.84805
142,9,31.88,364.32,184.47,313.02,1,1,0.88115
142,10,737.87,387.35,217.44,306.05,1,1,0.92002
142,15,215.09,405.22,167.27,307.22,1,1,0.95639
142,1,69.96,282.58,178.29,225.38,1,1,0.80939
142,6,-6.06,276.61,45.46,303.69,1,1,0.74337
142,18,1179.4,-0.13,164.94,73.15,1,1,0.86113
142,16,-10.34,370.78,133.58,240.66,1,1,0.82044
143,5,944.4,493.2,200.09,330.86,1,1,0.90141
143,11,1418.02,312.06,120.58,268.69,1,1,0.94049
143,4,925.01,361.58,248.07,306.12,1,1,0.85487
143,9,13.54,360.08,177.71,307.56,1,1,0.8726
143,10,711.67,390.64,228.13,302.5,1,1,0.90567
143,15,206.23,401.44,181.09,309.22,1,1,0.9551
143,18,1180.67,-0.03,149.16,71.43,1,1,0.82568
143,16,-11.67,364.82,118.88,244.05,1,1,0.82403
144,5,970.54,492.04,175.97,331.39,1,1,0.92192
144,11,1419.01,313.38,111.63,265.68,1,1,0.92173
144,4,942.67,360.19,217.91,318.6,1,1,0.87094
144,9,-0.03,355.98,172.72,304.96,1,1,0.8735
144,10,683.7,391.54,238.74,302.75,1,1,0.91874
144,15,204.87,399.27,192.18,310.09,1,1,0.94646
144,18,1179.64,-0.05,139.04,69.72,1,1,0.7208
144,16,-10.18,324.44,87.21,272.46,1,1,0.68888
144,20,1819.16,-0.26,95.73,186.43,1,1,0.89976
145,5,979.97,490.78,167.73,330.55,1,1,0.91261
145,11,1412.0,315.61,119.51,261.67,1,1,0.90764
145,4,951.72,359.26,189.7,328.24,1,1,0.84878
145,9,-7.31,348.57,169.4,309.83,1,1,0.90853
145,10,655.73,393.13,258.39,309.31,1,1,0.94419
145,15,211.37,399.88,175.45,306.69,1,1,0.94307
145,18,1166.4,-0.0,149.17,67.74,1,1,0.71067
145,20,1792.97,0.2,106.95,183.63,1,1,0.90897
146,5,991.31,490.29,160.82,324.31,1,1,0.91185
146,11,1395.47,317.71,145.9,262.54,1,1,0.91708
146,4,931.45,357.64,187.19,333.96,1,1,0.82316
146,9,-8.38,341.19,155.6,314.89,1,1,0.89508
146,10,641.26,396.72,266.33,316.78,1,1,0.93294
146,15,225.64,402.05,155.15,301.1,1,1,0.91659
146,18,1148.02,-0.1,148.1,66.6,1,1,0.8017
146,20,1769.09,0.18,114.2,179.21,1,1,0.89273
147,5,1008.7,489.93,151.12,318.67,1,1,0.91119
147,11,1386.42,315.22,160.97,277.48,1,1,0.91342
147,4,908.39,355.38,195.67,338.54,1,1,0.89198
147,9,-6.25,332.47,141.52,320.9,1,1,0.89734
147,10,639.12,401.31,257.52,320.84,1,1,0.92907
147,15,240.59,404.2,139.73,299.53,1,1,0.90775
147,18,1136.82,-0.15,147.8,61.15,1,1,0.73588
147,20,1738.64,0.34,121.89,173.87,1,1,0.89198
148,5,1025.91,489.57,139.96,306.75,1,1,0.83679
148,11,1381.17,315.4,166.28,287.43,1,1,0.91132
148,4,890.81,354.59,203.38,340.34,1,1,0.90597
148,9,-6.21,326.66,126.41,327.77,1,1,0.91052
148,10,644.69,408.45,238.15,318.45,1,1,0.91556
148,15,240.91,406.92,135.28,297.44,1,1,0.90948
148,18,1124.08,0.16,149.36,52.84,1,1,0.8274
148,20,1700.7,0.67,134.13,170.0,1,1,0.86594
149,5,1025.79,489.43,138.23,309.84,1,1,0.87785
149,11,1376.46,320.02,152.07,285.94,1,1,0.90169
149,4,884.39,353.85,196.14,337.52,1,1,0.91604
149,9,-7.16,321.09,105.62,323.46,1,1,0.88726
149,10,643.03,416.43,220.62,313.44,1,1,0.91379
149,15,223.61,407.16,144.04,294.37,1,1,0.9114
149,20,1670.82,0.59,122.28,154.6,1,1,0.80628
150,5,1029.29,487.08,143.12,312.71,1,1,0.8963
150,11,1363.4,323.33,143.72,281.65,1,1,0.92479
150,4,888.61,353.22,180.91,332.45,1,1,0.93592
150,9,-6.16,316.6,82.45,316.21,1,1,0.90975
150,10,625.85,422.54,224.91,304.73,1,1,0.93172
150,15,197.86,403.88,175.06,294.08,1,1,0.94851
150,20,1635.18,0.77,98.53,134.55,1,1,0.82114
151,5,1024.59,485.76,172.0,316.36,1,1,0.9169
151,11,1337.34,326.4,147.37,279.51,1,1,0.9364
151,4,901.23,355.73,164.14,330.18,1,1,0.90823
151,9,-4.05,315.91,63.77,317.44,1,1,0.88772
151,10,608.39,426.98,236.15,302.68,1,1,0.9359
151,15,169.51,399.12,213.94,298.17,1,1,0.95241
151,20,1597.67,1.04,89.87,127.61,1,1,0.8392
152,5,1006.56,485.33,203.13,321.5,1,1,0.92418
152,11,1319.57,328.16,149.16,283.76,1,1,0.93686
152,4,914.88,360.37,147.39,327.32,1,1,0.90243
152,9,-2.19,314.42,47.87,319.42,1,1,0.84869
152,10,590.04,432.07,250.99,308.53,1,1,0.93874
152,15,143.71,393.1,245.8,303.76,1,1,0.94488
152,20,1557.74,1.13,93.1,125.89,1,1,0.84382
153,5,983.92,484.53,222.21,324.28,1,1,0.95174
153,11,1304.51,329.93,148.96,291.88,1,1,0.95938
153,4,894.69,363.5,164.97,328.16,1,1,0.94862
153,9,-0.7,300.58,27.93,329.3,1,1,0.67359
153,10,587.68,437.81,247.58,313.68,1,1,0.96018
153,15,121.42,386.89,261.55,307.65,1,1,0.96773
153,20,1515.75,0.52,101.17,122.89,1,1,0.83804
154,5,981.1,484.55,230.21,325.33,1,1,0.95198
154,11,1305.37,330.83,148.81,295.08,1,1,0.95927
154,4,894.75,364.93,170.29,328.44,1,1,0.94873
154,9,0.77,296.04,25.88,332.01,1,1,0.68895
154,10,593.81,440.08,246.0,315.67,1,1,0.96039
154,15,119.38,384.9,268.18,309.03,1,1,0.9677
154,20,1507.51,0.56,104.12,122.21,1,1,0.83932
155,5,979.77,483.52,193.71,324.93,1,1,0.95185
155,11,1274.0,337.05,145.4,301.64,1,1,0.95425
155,4,839.97,365.85,201.06,326.24,1,1,0.94668
155,10,602.29,449.09,225.11,308.79,1,1,0.95364
155,15,89.91,380.98,262.56,312.6,1,1,0.96279
155,20,1442.97,0.85,99.89,115.08,1,1,0.65557
156,5,977.46,480.92,171.9,324.5,1,1,0.94982
156,11,1250.62,342.09,155.74,305.38,1,1,0.95502
156,4,801.55,365.41,215.62,326.28,1,1,0.9355
156,10,573.26,455.0,243.05,301.64,1,1,0.95589
156,15,73.08,378.11,252.59,313.23,1,1,0.96252
157,5,952.9,477.9,179.75,328.11,1,1,0.95132
157,11,1236.1,348.8,156.05,302.02,1,1,0.95376
157,4,770.13,366.4,225.8,326.81,1,1,0.92889
157,10,535.37,458.89,268.04,297.54,1,1,0.94641
157,15,61.61,374.48,237.41,314.7,1,1,0.95741
158,5,917.68,473.65,212.5,331.63,1,1,0.9552
158,11,1218.46,357.54,156.74,294.84,1,1,0.9398
158,4,746.7,368.41,226.51,327.14,1,1,0.9368
158,10,506.18,462.37,282.37,284.6,1,1,0.93668
158,15,53.24,369.28,221.2,318.96,1,1,0.94558
159,5,887.49,467.81,246.68,337.01,1,1,0.96001
159,11,1197.13,364.07,160.91,291.35,1,1,0.93993
159,4,739.53,369.9,220.72,326.99,1,1,0.94129
159,10,496.33,464.5,279.11,271.09,1,1,0.94586
159,15,49.56,363.1,204.09,324.54,1,1,0.93838
159,20,1211.75,-0.48,95.86,80.33,1,1,0.6468
160,5,870.91,462.75,263.27,343.27,1,1,0.95856
160,11,1168.67,366.82,175.95,296.97,1,1,0.9468
160,4,749.6,373.14,204.58,324.28,1,1,0.93976
160,10,505.58,468.42,270.5,269.54,1,1,0.93082
160,15,41.53,359.36,194.4,325.95,1,1,0.9335
161,5,864.65,457.53,258.64,347.81,1,1,0.95302
161,11,1150.05,365.12,192.39,310.27,1,1,0.9444
161,4,766.09,374.61,190.7,323.89,1,1,0.94022
161,10,567.86,471.67,203.57,271.82,1,1,0.88051
161,15,37.3,355.41,179.2,328.21,1,1,0.92653
162,5,870.68,453.83,230.15,349.84,1,1,0.95812
162,11,1137.18,368.46,196.91,315.71,1,1,0.96111
162,4,771.13,374.24,186.87,324.42,1,1,0.956
162,10,598.55,474.32,174.9,271.19,1,1,0.94915
162,15,30.39,353.96,167.8,324.49,1,1,0.95352
163,5,897.71,446.26,205.05,354.61,1,1,0.95756
163,11,1130.55,373.8,191.02,313.24,1,1,0.96114
163,4,763.75,371.22,196.25,326.58,1,1,0.95206
163,10,590.25,475.29,192.12,279.55,1,1,0.95224
163,15,28.47,353.64,155.57,318.74,1,1,0.9526
164,5,934.98,438.34,180.79,360.81,1,1,0.94442
164,11,1124.74,378.91,176.66,309.7,1,1,0.95121
164,4,756.31,368.32,205.29,332.31,1,1,0.94002
164,10,575.55,473.76,217.09,291.71,1,1,0.95086
164,15,29.82,354.36,146.67,314.12,1,1,0.93162
165,5,948.37,433.58,168.03,362.74,1,1,0.91301
165,11,1096.75,375.09,184.62,315.16,1,1,0.92041
165,4,761.97,365.63,208.49,332.0,1,1,0.94181
165,10,559.92,472.88,248.92,303.95,1,1,0.95561
165,15,27.61,355.99,144.35,310.73,1,1,0.92439
166,5,952.05,431.53,165.77,357.62,1,1,0.92897
166,11,1085.67,355.82,182.77,335.81,1,1,0.92631
166,4,783.57,365.04,197.52,333.36,1,1,0.94316
166,10,562.88,471.29,265.19,320.74,1,1,0.95612
166,15,20.91,356.82,154.51,310.29,1,1,0.94431
167,5,943.75,432.26,182.06,344.2,1,1,0.94778
167,11,1088.46,361.67,167.18,331.2,1,1,0.87621
167,4,799.71,368.34,181.54,331.68,1,1,0.93344
167,10,588.01,474.28,248.41,327.29,1,1,0.9502
167,15,8.09,356.89,169.26,312.54,1,1,0.96134
168,5,929.2,433.33,194.91,341.72,1,1,0.92746
168,11,1065.61,357.21,169.7,344.47,1,1,0.90842
168,4,792.25,372.56,168.88,330.94,1,1,0.89319
168,10,622.1,475.61,222.31,331.99,1,1,0.90531
168,15,-0.27,354.78,171.81,319.0,1,1,0.93181
169,5,914.95,435.22,199.66,339.33,1,1,0.94162
169,11,1041.17,364.17,167.74,353.2,1,1,0.90671
169,4,788.1,375.37,159.56,329.74,1,1,0.89097
169,10,642.09,474.58,209.36,335.3,1,1,0.92701
169,15,-5.62,353.14,157.31,314.28,1,1,0.93767
170,5,901.86,437.87,192.86,338.44,1,1,0.94357
170,11,1026.42,379.45,157.23,347.68,1,1,0.91589
170,4,772.13,376.93,159.4,329.32,1,1,0.91119
170,10,621.1,473.85,230.25,335.9,1,1,0.92514
170,15,-7.92,352.75,136.19,310.93,1,1,0.93924
171,5,884.67,446.9,180.11,341.28,1,1,0.93683
171,11,1000.61,395.99,152.41,332.49,1,1,0.89378
171,10,586.51,463.23,254.88,348.81,1,1,0.8983
171,15,-9.45,354.23,109.5,313.47,1,1,0.91765
172,5,857.3,457.39,164.31,339.96,1,1,0.90577
172,11,963.47,409.07,153.4,316.43,1,1,0.88908
172,10,538.91,458.55,277.27,343.45,1,1,0.90756
172,15,-10.15,326.79,57.84,341.98,1,1,0.75524
172,4,721.36,378.11,146.98,296.58,1,1,0.78905
173,5,821.55,469.76,154.51,337.88,1,1,0.90883
173,11,916.52,425.04,163.3,316.72,1,1,0.90448
173,10,500.42,457.6,290.26,344.0,1,1,0.9143
174,5,775.16,482.5,158.0,336.49,1,1,0.92981
174,11,864.35,441.69,174.13,310.72,1,1,0.92434
174,10,471.0,465.21,284.78,341.49,1,1,0.91902
175,5,725.88,491.96,172.35,331.36,1,1,0.88373
175,11,811.3,456.62,188.28,312.37,1,1,0.87927
175,10,449.67,479.06,270.54,332.3,1,1,0.85302
176,5,674.39,498.93,201.76,328.83,1,1,0.89131
176,11,763.5,470.21,191.68,307.06,1,1,0.88921
176,10,470.76,485.96,220.07,330.53,1,1,0.79977
176,4,469.09,392.66,187.37,305.77,1,1,0.65422
177,5,619.64,503.89,224.7,332.06,1,1,0.88972
177,11,715.05,480.77,189.53,311.46,1,1,0.86151
177,10,454.52,489.0,202.68,331.04,1,1,0.85705
177,4,408.98,399.2,197.75,306.62,1,1,0.84191
178,5,551.45,508.37,239.91,333.49,1,1,0.87391
178,11,665.45,488.81,174.88,320.78,1,1,0.84545
178,10,421.11,485.95,196.7,336.02,1,1,0.89743
178,4,357.31,408.03,193.69,294.53,1,1,0.89689
179,5,496.06,512.36,235.86,333.08,1,1,0.87541
179,10,371.13,482.3,204.84,343.8,1,1,0.86876
179,4,315.07,414.26,181.57,295.5,1,1,0.86728
180,5,462.58,515.57,208.46,335.28,1,1,0.86214
180,10,324.3,480.69,215.27,344.41,1,1,0.88042
180,4,287.37,420.27,163.45,300.01,1,1,0.82287
181,5,442.1,518.94,189.67,342.44,1,1,0.85646
181,10,291.66,484.38,213.37,337.25,1,1,0.89705
181,4,273.32,426.06,140.75,318.87,1,1,0.80643
181,23,1555.21,1.44,129.86,88.0,1,1,0.78227
182,5,432.02,526.71,170.91,347.33,1,1,0.90375
182,10,279.9,491.17,200.28,336.29,1,1,0.88339
182,4,256.99,433.8,129.41,341.34,1,1,0.88542
182,23,1511.78,2.6,137.51,95.57,1,1,0.87539
183,5,419.84,537.69,153.72,348.29,1,1,0.9289
183,10,280.03,505.3,182.23,346.71,1,1,0.89621
183,4,222.63,443.25,137.95,352.24,1,1,0.89359
183,23,1474.93,2.98,149.57,107.99,1,1,0.90398
183,24,1381.15,2.31,147.35,55.58,1,1,0.81485
184,5,407.37,551.92,139.75,355.97,1,1,0.88142
184,10,303.0,523.36,146.7,354.22,1,1,0.85349
184,4,186.72,454.97,156.75,365.22,1,1,0.88686
184,23,1449.39,3.88,145.81,130.21,1,1,0.88282
184,24,1331.74,4.86,151.03,74.98,1,1,0.87342
185,5,382.04,574.19,137.22,363.74,1,1,0.85391
185,10,286.85,548.5,154.43,356.0,1,1,0.86121
185,4,146.47,471.74,179.31,373.39,1,1,0.89716
185,23,1428.17,6.14,129.13,151.73,1,1,0.82079
185,24,1291.41,7.36,145.77,94.48,1,1,0.88515
186,5,346.07,595.43,149.9,378.17,1,1,0.81317
186,10,247.9,583.17,200.56,354.58,1,1,0.83481
186,4,102.52,496.8,200.03,376.58,1,1,0.87663
186,23,1393.39,9.21,117.87,178.62,1,1,0.86678
186,24,1259.56,9.99,140.12,119.47,1,1,0.87694
187,5,327.95,624.14,162.13,394.28,1,1,0.76286
187,10,213.54,613.07,230.93,358.74,1,1,0.87232
187,4,71.15,528.02,209.98,375.55,1,1,0.89216
187,23,1360.44,11.96,109.98,207.65,1,1,0.87577
187,24,1235.9,12.03,127.62,149.7,1,1,0.86324
188,5,294.86,730.59,189.34,329.48,1,1,0.84437
188,10,188.74,645.27,245.3,346.37,1,1,0.86108
188,4,59.48,563.13,201.48,372.78,1,1,0.8794
188,23,1331.56,32.75,118.01,219.96,1,1,0.86802
188,24,1205.21,19.17,126.65,177.2,1,1,0.88691
189,5,249.12,783.13,214.95,301.99,1,1,0.84509
189,10,172.09,680.5,247.61,317.04,1,1,0.74664
189,4,48.06,601.04,189.36,375.17,1,1,0.90687
189,23,1298.95,62.76,132.73,224.27,1,1,0.84159
189,24,1169.58,42.78,130.97,187.01,1,1,0.86646
190,5,202.68,833.01,225.65,260.25,1,1,0.70177
190,10,169.66,721.08,230.28,297.99,1,1,0.67592
190,4,35.34,641.55,172.16,374.86,1,1,0.91308
190,23,1259.27,100.29,141.26,225.94,1,1,0.8332
190,24,1135.01,74.98,127.45,192.82,1,1,0.8658
190,11,181.25,726.29,215.74,318.98,1,1,0.69172
191,10,198.25,758.42,208.11,312.31,1,1,0.72286
191,4,21.27,678.95,157.9,378.3,1,1,0.87628
191,23,1214.33,136.53,141.31,232.34,1,1,0.83892
191,24,1106.73,107.89,120.6,190.0,1,1,0.85618
192,10,177.8,791.58,211.08,295.82,1,1,0.75315
192,4,-1.69,713.48,149.58,372.31,1,1,0.90659
192,23,1172.54,180.69,134.2,226.76,1,1,0.85833
192,24,1079.01,143.67,109.63,180.39,1,1,0.86725
193,10,140.7,827.48,241.76,265.02,1,1,0.85207
193,4,-10.18,749.73,130.13,345.4,1,1,0.91568
193,23,1131.45,211.48,125.22,234.26,1,1,0.88848
193,24,1053.93,182.0,94.91,181.77,1,1,0.87926
194,10,106.88,858.53,256.22,233.36,1,1,0.71411
194,4,-12.52,785.88,102.23,310.21,1,1,0.85744
194,23,1091.05,262.15,112.67,220.81,1,1,0.85708
194,24,1025.86,220.19,81.0,182.47,1,1,0.82409
195,10,73.86,897.31,244.13,192.73,1,1,0.77275
195,4,-12.11,856.1,61.39,238.35,1,1,0.7292
195,23,1041.8,303.24,106.88,217.81,1,1,0.8479
195,24,978.3,261.09,78.14,183.73,1,1,0.8424
196,10,21.84,931.96,231.75,155.63,1,1,0.75306
196,23,965.09,337.06,111.28,226.5,1,1,0.88476
196,24,900.24,303.91,84.41,186.34,1,1,0.85296
197,23,886.36,363.28,107.26,238.3,1,1,0.91258
197,24,812.32,344.24,93.66,206.22,1,1,0.88285
198,23,825.2,386.25,102.59,243.9,1,1,0.91739
198,24,750.16,375.42,95.33,203.96,1,1,0.88163
198,10,-9.32,1002.06,160.64,82.78,1,1,0.71427
199,23,777.49,408.36,100.93,244.27,1,1,0.91137
199,24,708.67,400.45,92.44,196.28,1,1,0.87138
200,23,754.9,425.86,88.61,237.07,1,1,0.93414
200,24,687.27,424.15,88.32,198.91,1,1,0.90315
201,23,753.46,434.69,81.98,235.3,1,1,0.93606
201,24,675.5,440.14,96.99,199.09,1,1,0.92655
202,23,757.88,442.84,80.42,239.19,1,1,0.93589
202,24,669.5,452.43,110.04,196.66,1,1,0.93054
203,23,763.39,447.33,79.48,244.33,1,1,0.92411
203,24,670.67,458.03,114.93,195.37,1,1,0.90783
204,23,765.38,452.82,81.08,247.26,1,1,0.9266
204,24,674.79,462.46,116.97,193.59,1,1,0.90669
205,23,760.98,461.64,85.16,248.81,1,1,0.91539
205,24,682.62,468.02,110.94,193.52,1,1,0.88226
206,23,753.93,470.03,87.65,248.18,1,1,0.88196
206,24,689.81,471.65,99.64,191.57,1,1,0.79252
207,23,748.43,479.56,86.43,242.11,1,1,0.91242
207,24,692.69,478.18,91.47,207.06,1,1,0.86381
208,23,737.69,488.04,92.69,234.89,1,1,0.9084
208,24,690.99,485.11,84.74,206.44,1,1,0.88105
209,23,723.59,496.74,104.04,226.33,1,1,0.92065
209,24,683.83,489.84,88.35,198.76,1,1,0.90322
210,23,710.12,498.93,116.57,223.21,1,1,0.91509
210,24,671.19,492.21,100.89,194.26,1,1,0.89901
211,23,694.06,501.68,131.98,221.06,1,1,0.90948
211,24,658.56,497.02,113.02,185.83,1,1,0.86803
212,23,670.21,503.5,163.01,219.43,1,1,0.91775
212,24,646.48,501.72,116.42,181.2,1,1,0.69741
213,23,642.62,506.28,189.02,218.84,1,1,0.92859
213,24,628.71,508.43,116.9,177.65,1,1,0.78081
214,23,616.5,512.18,204.92,216.1,1,1,0.91298
215,23,606.14,520.37,198.29,208.55,1,1,0.90342
215,24,570.38,520.07,139.62,178.57,1,1,0.86117
216,23,610.24,531.11,176.09,197.39,1,1,0.89935
216,24,552.33,526.3,151.91,180.92,1,1,0.88533
217,23,624.05,544.68,145.03,187.53,1,1,0.89725
217,24,547.29,529.76,157.56,185.22,1,1,0.88717
218,23,639.63,561.79,118.8,172.29,1,1,0.86827
218,24,556.55,534.65,153.62,187.03,1,1,0.89444
219,24,569.63,538.76,170.04,191.24,1,1,0.87721
220,24,575.16,543.59,166.27,194.01,1,1,0.91525
220,23,659.59,585.42,110.55,151.0,1,1,0.89154
221,24,577.06,549.91,172.94,191.52,1,1,0.91065
221,23,666.45,592.26,117.53,144.95,1,1,0.88808
222,24,577.62,557.98,180.29,185.38,1,1,0.92428
222,23,675.01,598.7,125.01,139.03,1,1,0.90704
222,27,344.63,1023.65,128.8,55.37,1,1,0.69208
223,24,579.97,565.4,208.99,177.56,1,1,0.87472
223,23,680.38,605.73,136.15,131.54,1,1,0.82694
223,27,370.67,1016.01,132.62,62.77,1,1,0.68906
224,24,582.62,574.09,211.64,170.39,1,1,0.89191
224,23,689.51,616.22,144.71,124.42,1,1,0.88942
224,27,403.57,1010.75,121.09,68.41,1,1,0.78682
225,24,583.38,587.78,233.84,156.22,1,1,0.71076
225,23,699.59,628.52,151.27,114.52,1,1,0.72172
225,27,431.43,1006.99,117.68,72.17,1,1,0.75793
226,24,586.07,603.64,269.71,141.1,1,1,0.84441
226,27,441.28,1004.19,134.3,74.6,1,1,0.78924
227,24,588.76,611.03,290.26,135.44,1,1,0.86841
227,27,451.62,1004.24,146.6,74.82,1,1,0.80365
228,24,593.57,619.49,301.67,131.27,1,1,0.90956
228,27,491.13,1004.49,132.58,74.59,1,1,0.72652
229,24,608.24,629.66,301.31,126.66,1,1,0.91359
229,27,536.59,1001.29,109.57,77.46,1,1,0.77837
230,24,625.94,639.48,297.89,120.66,1,1,0.91986
230,27,568.59,998.53,103.17,80.24,1,1,0.74324
231,24,639.35,648.32,295.84,113.24,1,1,0.9288
231,27,593.09,992.81,101.45,86.22,1,1,0.71042
232,24,656.97,655.5,284.59,109.02,1,1,0.93062
232,27,617.91,985.65,113.96,93.51,1,1,0.85529
233,24,672.83,658.13,276.69,108.0,1,1,0.92707
233,27,638.59,978.64,107.64,100.39,1,1,0.84348
234,24,681.59,661.15,273.7,108.69,1,1,0.92456
234,27,652.38,975.73,111.22,103.67,1,1,0.81417
235,24,685.99,661.01,272.89,110.85,1,1,0.91885
235,27,670.22,971.25,106.4,108.06,1,1,0.82922
236,24,691.56,658.99,269.49,114.3,1,1,0.91831
236,27,694.49,966.45,102.65,112.46,1,1,0.86748
237,24,695.26,657.34,266.94,116.89,1,1,0.91322
237,27,713.5,965.59,110.46,113.33,1,1,0.85038
238,24,695.56,656.22,266.72,118.75,1,1,0.9241
238,27,729.87,966.44,122.97,112.56,1,1,0.87247
239,24,698.99,654.39,262.12,120.98,1,1,0.92941
239,27,746.99,965.84,138.85,113.26,1,1,0.88267
240,24,703.46,650.42,255.6,125.16,1,1,0.93989
240,27,758.5,961.6,148.58,117.47,1,1,0.91966
240,29,207.42,1004.84,127.85,74.17,1,1,0.77929
240,30,-0.07,915.92,61.9,163.09,1,1,0.69063
