1,0,249.81,498.01,157.36,208.46,1,1,0.91984
1,1,1214.71,551.3,176.43,210.04,1,1,0.9165
1,2,537.53,304.84,147.84,198.79,1,1,0.91525
1,3,1218.04,143.77,143.65,278.37,1,1,0.91469
1,4,922.37,323.81,138.86,178.89,1,1,0.9122
1,5,874.26,493.55,145.56,226.74,1,1,0.91176
1,6,1060.18,506.65,143.3,216.17,1,1,0.9107
1,7,394.92,190.37,122.17,245.01,1,1,0.90613
1,8,469.24,501.36,150.52,200.79,1,1,0.89984
1,9,1631.24,472.84,151.31,239.66,1,1,0.89965
1,10,1366.58,412.63,130.88,226.73,1,1,0.89677
1,11,673.99,676.74,115.45,277.79,1,1,0.89594
1,12,83.91,417.71,101.69,229.34,1,1,0.88855
1,13,984.87,461.7,108.36,192.81,1,1,0.87064
1,14,561.94,470.54,104.87,165.85,1,1,0.84628
1,15,677.9,527.62,129.59,191.44,1,1,0.8054
1,16,675.94,487.31,118.1,188.07,1,1,0.6755
2,0,250.31,497.57,157.2,209.07,1,1,0.91899
2,1,1214.9,551.26,176.98,210.0,1,1,0.91648
2,2,538.14,304.81,148.26,198.76,1,1,0.9155
2,3,1223.61,142.85,139.53,277.79,1,1,0.91125
2,4,922.42,322.68,139.03,179.74,1,1,0.91121
2,5,874.68,493.4,145.41,226.9,1,1,0.91107
2,6,1060.17,506.49,143.32,216.24,1,1,0.91054
2,7,395.46,188.75,122.33,244.1,1,1,0.90345
2,8,469.31,501.14,150.87,200.42,1,1,0.89868
2,9,1630.81,472.8,151.92,239.65,1,1,0.89864
2,10,1366.53,412.13,131.06,225.64,1,1,0.89614
2,11,673.92,676.5,115.75,278.48,1,1,0.89716
2,12,84.9,417.44,101.81,229.28,1,1,0.88942
2,13,985.03,461.97,108.09,192.47,1,1,0.87093
2,14,561.72,470.41,104.84,165.52,1,1,0.84711
2,15,677.94,529.98,129.88,187.84,1,1,0.80607
2,16,676.14,487.34,118.94,187.69,1,1,0.69323
3,0,250.57,497.09,157.0,209.39,1,1,0.91874
3,1,1214.96,550.94,177.6,210.12,1,1,0.91644
3,2,537.97,304.74,148.38,198.84,1,1,0.91485
3,3,1230.33,142.69,134.41,277.25,1,1,0.90833
3,4,922.09,322.74,139.2,179.67,1,1,0.91161
3,5,874.93,493.02,145.14,226.93,1,1,0.91087
3,6,1060.38,506.09,143.04,216.59,1,1,0.90911
3,7,397.3,187.75,121.45,243.67,1,1,0.9063
3,8,469.74,501.44,150.57,199.99,1,1,0.89852
3,9,1630.51,471.97,152.08,240.86,1,1,0.89762
3,10,1366.25,411.68,131.2,224.24,1,1,0.89549
3,11,674.12,676.44,115.8,279.12,1,1,0.89732
3,12,85.13,416.95,102.13,229.78,1,1,0.88878
3,13,984.98,461.84,108.32,192.71,1,1,0.8706
3,14,561.86,470.36,104.91,164.72,1,1,0.8459
3,15,678.32,528.39,131.01,188.16,1,1,0.79963
3,16,676.44,486.96,119.47,187.12,1,1,0.65143
4,0,250.51,496.77,157.07,209.22,1,1,0.91785
4,1,1214.94,550.56,177.4,209.8,1,1,0.91671
4,2,537.99,304.31,147.96,198.63,1,1,0.91466
4,3,1236.76,141.7,129.16,276.26,1,1,0.90811
4,4,921.62,322.61,139.44,179.51,1,1,0.91134
4,5,874.93,492.64,144.93,226.56,1,1,0.91135
4,6,1059.9,505.76,143.25,216.77,1,1,0.90943
4,7,397.05,185.74,122.41,243.71,1,1,0.90323
4,8,469.63,500.91,150.71,200.23,1,1,0.89831
4,9,1630.46,471.52,151.62,241.21,1,1,0.89855
4,10,1365.26,411.53,132.15,224.13,1,1,0.89899
4,11,674.15,675.82,115.66,279.44,1,1,0.89719
4,12,85.09,416.41,102.8,230.41,1,1,0.88935
4,13,985.08,461.59,108.06,192.67,1,1,0.8708
4,14,561.47,470.0,105.4,164.61,1,1,0.84463
4,15,678.08,528.95,131.49,186.93,1,1,0.80071
4,16,676.62,486.51,119.82,186.65,1,1,0.6641
5,0,250.84,496.4,156.89,209.27,1,1,0.9176
5,1,1215.34,550.18,176.95,209.74,1,1,0.91597
5,2,538.35,303.73,148.01,198.94,1,1,0.91245
5,3,1244.18,140.32,123.27,277.31,1,1,0.90626
5,4,921.79,322.38,139.56,179.62,1,1,0.91214
5,5,875.11,492.12,145.0,226.67,1,1,0.91156
5,6,1060.06,505.3,143.34,217.07,1,1,0.90905
5,7,396.78,183.88,123.52,241.51,1,1,0.90243
5,8,470.02,500.75,150.39,200.2,1,1,0.89691
5,9,1630.88,471.18,151.2,241.38,1,1,0.89635
5,10,1365.12,411.3,132.41,223.98,1,1,0.89851
5,11,674.65,675.23,115.4,279.35,1,1,0.89565
5,12,85.52,415.82,103.47,231.02,1,1,0.88921
5,13,985.05,460.9,108.15,192.74,1,1,0.86931
5,14,562.0,469.36,105.63,164.06,1,1,0.8445
5,15,678.17,529.36,132.83,185.38,1,1,0.7809
5,16,677.72,486.57,134.8,190.38,1,1,0.66691
6,0,251.1,495.96,156.67,209.42,1,1,0.92007
6,1,1215.48,549.7,177.19,209.76,1,1,0.91624
6,2,538.64,303.7,148.13,198.61,1,1,0.91232
6,3,1250.97,138.98,118.19,280.44,1,1,0.90734
6,4,921.73,321.92,139.97,179.92,1,1,0.91258
6,5,875.31,491.5,144.77,226.84,1,1,0.91109
6,6,1060.54,504.96,142.77,217.23,1,1,0.9081
6,7,397.42,182.25,123.3,239.28,1,1,0.89497
6,8,470.14,500.53,149.82,200.1,1,1,0.89559
6,9,1630.99,470.95,150.74,241.24,1,1,0.89641
6,10,1365.25,410.99,132.67,222.69,1,1,0.89977
6,11,674.7,674.83,115.39,280.21,1,1,0.89566
6,12,85.57,414.99,104.12,232.05,1,1,0.8899
6,13,985.13,460.0,108.15,192.93,1,1,0.8675
6,14,561.87,468.86,106.22,163.4,1,1,0.84388
6,15,678.33,529.33,132.77,184.76,1,1,0.78001
6,16,678.13,486.37,138.66,191.56,1,1,0.64637
7,0,249.99,495.81,156.72,208.39,1,1,0.91962
7,1,1214.58,549.09,177.6,209.57,1,1,0.91639
7,2,537.53,303.36,148.23,197.36,1,1,0.91385
7,3,1255.07,137.69,113.98,281.35,1,1,0.90753
7,4,920.49,321.55,140.28,179.38,1,1,0.91369
7,5,874.46,490.94,144.63,226.64,1,1,0.91137
7,6,1059.65,504.23,142.57,217.7,1,1,0.90773
7,7,396.7,179.77,123.08,237.81,1,1,0.89612
7,8,469.41,499.87,149.88,200.08,1,1,0.89485
7,9,1630.94,470.32,150.2,241.0,1,1,0.89622
7,10,1364.28,410.56,132.99,222.97,1,1,0.89935
7,11,674.03,674.18,115.23,280.09,1,1,0.89658
7,12,84.15,414.45,104.39,232.53,1,1,0.8919
7,13,984.77,460.29,107.63,192.36,1,1,0.8659
7,14,561.9,468.54,105.11,163.04,1,1,0.84575
7,15,677.92,527.69,130.1,184.39,1,1,0.78421
7,16,677.06,485.41,126.54,189.04,1,1,0.7022
8,0,250.41,494.5,155.89,208.52,1,1,0.92342
8,1,1215.41,547.63,176.63,209.7,1,1,0.91611
8,2,538.44,302.39,147.09,196.41,1,1,0.91373
8,3,1259.91,136.11,109.66,277.57,1,1,0.90349
8,4,920.25,320.16,139.89,179.36,1,1,0.9134
8,5,874.54,489.56,145.17,227.04,1,1,0.91182
8,6,1059.92,503.24,142.79,217.06,1,1,0.9065
8,7,397.0,177.03,123.2,229.14,1,1,0.89167
8,8,470.55,498.62,148.17,199.14,1,1,0.89441
8,9,1631.47,469.31,149.62,241.76,1,1,0.89487
8,10,1365.06,409.92,132.26,225.59,1,1,0.89734
8,11,674.12,673.08,115.21,279.24,1,1,0.89459
8,12,83.99,413.52,104.14,230.33,1,1,0.88969
8,13,985.55,459.03,106.96,191.11,1,1,0.86634
8,14,562.76,467.96,104.07,162.05,1,1,0.84571
8,15,678.63,530.67,126.82,180.55,1,1,0.78627
8,16,679.72,485.42,142.32,188.96,1,1,0.72048
9,0,249.64,493.85,156.27,208.95,1,1,0.91908
9,1,1215.35,547.18,176.24,209.83,1,1,0.91584
9,2,538.29,301.91,146.83,195.83,1,1,0.91438
9,3,1262.63,134.95,108.06,277.35,1,1,0.90107
9,4,920.24,319.34,139.87,179.64,1,1,0.91185
9,5,874.01,489.0,145.66,227.09,1,1,0.91216
9,6,1059.63,502.92,143.33,216.76,1,1,0.90652
9,7,397.11,175.57,123.14,225.81,1,1,0.88596
9,8,470.28,497.88,148.27,198.58,1,1,0.89532
9,9,1631.18,468.69,150.22,242.49,1,1,0.89534
9,10,1365.14,409.53,132.37,226.85,1,1,0.89812
9,11,674.13,672.6,114.9,278.5,1,1,0.894
9,12,83.51,412.97,104.25,230.22,1,1,0.88929
9,13,985.46,458.79,107.07,190.73,1,1,0.86606
9,14,562.87,467.84,103.41,162.11,1,1,0.85088
9,15,678.87,532.56,124.0,178.67,1,1,0.79486
9,16,680.01,485.59,147.41,188.63,1,1,0.73492
10,0,250.53,492.95,156.3,209.01,1,1,0.9202
10,1,1216.48,546.51,176.27,209.9,1,1,0.91661
10,2,540.13,300.71,145.86,196.21,1,1,0.91353
10,3,1265.59,134.28,105.78,276.44,1,1,0.90332
10,4,920.94,318.65,139.95,180.14,1,1,0.91355
10,5,875.05,488.52,145.89,226.63,1,1,0.91249
10,6,1060.49,502.38,143.82,216.79,1,1,0.90821
10,7,396.69,173.86,124.03,222.99,1,1,0.89788
10,8,471.0,497.48,148.36,198.24,1,1,0.89607
10,9,1632.33,468.19,150.01,241.67,1,1,0.89622
10,10,1365.91,409.33,132.06,227.75,1,1,0.89995
10,11,675.15,671.64,114.42,278.74,1,1,0.89419
10,12,84.86,412.1,103.68,229.75,1,1,0.88846
10,13,986.52,458.11,106.88,190.04,1,1,0.86909
10,14,564.08,467.14,103.8,162.34,1,1,0.85095
10,15,679.67,531.1,125.03,179.61,1,1,0.75601
10,16,680.4,485.84,147.73,188.94,1,1,0.73484
11,0,250.7,492.21,157.04,209.74,1,1,0.92016
11,1,1216.72,546.15,176.78,210.06,1,1,0.91621
11,2,540.66,300.18,146.06,196.34,1,1,0.91248
11,3,1266.7,133.97,104.6,276.16,1,1,0.90322
11,4,921.7,318.55,139.37,180.38,1,1,0.91212
11,5,875.57,488.54,145.85,226.65,1,1,0.91215
11,6,1060.98,502.07,143.71,216.66,1,1,0.90841
11,7,395.77,172.75,125.2,221.88,1,1,0.89709
11,8,471.04,497.57,148.76,198.2,1,1,0.89798
11,9,1632.74,467.99,149.51,241.18,1,1,0.89508
11,10,1366.1,408.84,131.89,229.38,1,1,0.89977
11,11,675.37,670.98,114.43,279.44,1,1,0.89275
11,12,85.48,411.78,104.17,231.1,1,1,0.88752
11,13,987.2,457.86,106.65,189.84,1,1,0.86905
11,14,564.09,466.97,104.36,162.38,1,1,0.84895
11,15,679.88,529.14,127.27,180.98,1,1,0.75842
11,16,681.18,485.67,145.08,189.85,1,1,0.71704
12,0,250.52,491.51,156.89,209.32,1,1,0.92026
12,1,1216.3,545.28,176.6,210.0,1,1,0.91661
12,2,540.06,299.67,146.33,196.27,1,1,0.91197
12,3,1266.8,133.32,103.39,274.41,1,1,0.90407
12,4,921.08,317.88,139.44,180.43,1,1,0.91293
12,5,874.83,487.86,146.2,226.74,1,1,0.91278
12,6,1060.45,501.4,143.84,216.25,1,1,0.9084
12,7,393.52,171.59,126.21,222.77,1,1,0.89604
12,8,470.69,497.52,148.36,197.52,1,1,0.89702
12,9,1632.02,466.54,149.49,243.24,1,1,0.8945
12,10,1365.6,408.24,131.75,230.25,1,1,0.89935
12,11,675.06,670.49,114.1,279.34,1,1,0.89264
12,12,85.48,411.46,104.02,230.69,1,1,0.88623
12,13,986.79,457.23,106.65,189.9,1,1,0.87207
12,14,563.82,466.14,104.18,162.69,1,1,0.847
12,15,679.5,529.91,126.28,179.01,1,1,0.75323
12,16,680.85,485.66,147.89,188.38,1,1,0.70587
13,0,250.56,491.47,157.05,209.32,1,1,0.91967
13,1,1216.34,545.15,176.7,209.93,1,1,0.91669
13,2,539.93,299.82,146.43,196.2,1,1,0.91133
13,3,1266.65,133.47,103.24,275.25,1,1,0.90213
13,4,921.02,317.71,139.46,180.59,1,1,0.91278
13,5,874.73,487.83,146.47,227.0,1,1,0.91216
13,6,1060.43,501.32,143.84,216.11,1,1,0.90854
13,7,392.3,171.56,126.76,222.51,1,1,0.89548
13,8,470.65,497.4,148.59,197.16,1,1,0.89842
13,9,1631.93,466.42,149.51,243.71,1,1,0.89409
13,10,1365.71,408.34,131.97,229.44,1,1,0.89923
13,11,675.23,670.34,113.98,279.61,1,1,0.89236
13,12,85.97,411.84,104.21,229.8,1,1,0.88566
13,13,986.79,457.12,106.68,189.92,1,1,0.87155
13,14,563.9,465.96,103.94,162.67,1,1,0.84567
13,15,679.73,523.8,124.29,185.09,1,1,0.75595
13,16,679.13,486.48,149.4,187.54,1,1,0.70055
14,0,250.8,491.49,157.0,209.12,1,1,0.91994
14,1,1216.63,545.2,176.42,209.7,1,1,0.91683
14,2,540.02,300.1,146.27,195.96,1,1,0.91088
14,3,1266.87,133.63,102.19,274.42,1,1,0.90139
14,4,921.11,317.62,139.25,180.49,1,1,0.91292
14,5,874.96,487.89,146.22,226.75,1,1,0.91231
14,6,1060.39,501.34,143.94,216.06,1,1,0.90921
14,7,391.41,171.41,126.76,221.99,1,1,0.89617
14,8,471.01,497.28,148.39,197.04,1,1,0.89914
14,9,1632.17,466.54,149.41,243.52,1,1,0.89427
14,10,1366.01,408.57,131.6,229.27,1,1,0.89921
14,11,675.45,670.46,113.81,279.2,1,1,0.89306
14,12,86.25,412.4,104.07,229.18,1,1,0.88597
14,13,986.96,457.32,106.58,189.72,1,1,0.87219
14,14,563.99,465.77,104.08,162.6,1,1,0.84717
14,15,680.04,518.76,122.7,190.08,1,1,0.76631
14,16,679.14,486.55,142.53,186.57,1,1,0.69646
15,0,250.08,491.2,157.15,209.66,1,1,0.91919
15,1,1216.6,544.87,176.06,209.56,1,1,0.91678
15,2,538.99,300.35,146.77,195.34,1,1,0.9104
15,3,1266.33,133.47,101.82,272.24,1,1,0.89742
15,4,920.58,317.31,139.65,180.58,1,1,0.9131
15,5,874.95,487.69,145.73,226.16,1,1,0.91139
15,6,1060.43,501.27,143.66,215.58,1,1,0.90917
15,7,389.29,171.49,128.1,222.69,1,1,0.89377
15,8,470.84,497.21,148.42,197.02,1,1,0.89782
15,9,1631.95,466.04,149.76,244.04,1,1,0.89458
15,10,1366.08,408.47,131.5,230.13,1,1,0.89936
15,11,675.13,669.93,113.74,278.87,1,1,0.8936
15,12,86.17,412.51,103.93,229.63,1,1,0.88651
15,13,986.8,457.08,106.48,189.44,1,1,0.87091
15,14,563.85,465.56,103.87,162.73,1,1,0.84664
15,15,679.07,518.85,124.85,189.44,1,1,0.75359
15,16,678.51,486.49,134.96,187.09,1,1,0.69409
16,0,249.81,491.35,156.83,209.05,1,1,0.91761
16,1,1216.69,544.8,175.74,209.4,1,1,0.91669
16,2,538.34,300.99,147.25,194.61,1,1,0.91082
16,3,1265.78,133.49,100.99,271.76,1,1,0.89472
16,4,920.44,317.28,139.52,180.56,1,1,0.913
16,5,874.71,487.68,145.8,226.27,1,1,0.91241
16,6,1060.19,501.33,143.71,215.05,1,1,0.90934
16,7,388.17,171.96,127.8,221.16,1,1,0.89559
16,8,470.5,497.05,148.61,197.5,1,1,0.89745
16,9,1631.85,466.06,149.64,244.19,1,1,0.89509
16,10,1366.16,408.5,131.46,229.82,1,1,0.8997
16,11,675.01,670.2,113.4,277.5,1,1,0.89316
16,12,85.93,413.0,103.54,229.78,1,1,0.8863
16,13,986.67,456.85,106.49,189.6,1,1,0.87133
16,14,563.74,465.98,103.64,162.2,1,1,0.84785
16,15,678.34,531.03,130.43,176.58,1,1,0.80279
16,16,679.3,486.19,123.4,188.2,1,1,0.74178
17,0,249.29,490.72,156.6,210.02,1,1,0.91393
17,1,1215.98,545.06,175.98,209.48,1,1,0.91693
17,2,537.23,301.32,147.2,193.58,1,1,0.91183
17,3,1265.21,133.53,100.43,270.86,1,1,0.89132
17,4,919.71,317.17,140.1,180.86,1,1,0.91461
17,5,874.67,488.01,146.06,226.14,1,1,0.91078
17,6,1059.47,501.99,144.37,214.39,1,1,0.90828
17,7,386.15,172.35,129.47,220.52,1,1,0.89846
17,8,469.61,495.59,148.79,198.83,1,1,0.8981
17,9,1631.31,465.86,150.07,244.64,1,1,0.89421
17,10,1366.29,408.44,131.21,229.39,1,1,0.89926
17,11,674.72,670.74,113.36,276.63,1,1,0.8929
17,12,85.53,413.32,103.11,229.33,1,1,0.88637
17,13,986.55,457.0,106.15,189.46,1,1,0.87161
17,14,563.95,466.67,101.28,160.35,1,1,0.84097
17,15,678.12,532.32,124.12,175.92,1,1,0.82015
17,16,676.55,486.9,119.96,184.26,1,1,0.72198
18,0,250.56,487.74,155.01,211.47,1,1,0.91217
18,1,1216.21,544.5,175.78,209.27,1,1,0.91732
18,2,537.56,302.24,146.77,191.08,1,1,0.91395
18,3,1265.22,133.51,99.39,268.59,1,1,0.89053
18,4,919.82,317.11,140.05,180.51,1,1,0.91598
18,5,875.44,487.93,146.32,225.57,1,1,0.90856
18,6,1058.79,502.09,145.69,213.5,1,1,0.90919
18,7,385.41,172.11,130.22,220.55,1,1,0.8982
18,8,470.96,492.91,147.79,199.98,1,1,0.90064
18,9,1631.5,465.39,149.89,243.6,1,1,0.89399
18,10,1366.89,408.22,130.63,229.13,1,1,0.89731
18,11,675.09,670.57,113.08,275.45,1,1,0.89237
18,12,86.18,413.14,102.88,227.92,1,1,0.88499
18,13,987.19,456.97,106.2,188.44,1,1,0.87593
18,14,563.57,466.39,101.64,157.83,1,1,0.82301
18,15,678.32,519.08,125.66,186.61,1,1,0.77839
19,0,251.42,484.5,153.5,214.51,1,1,0.9132
19,1,1216.07,544.16,176.3,209.34,1,1,0.91707
19,2,538.3,302.36,145.76,189.89,1,1,0.91291
19,3,1265.15,133.16,99.2,267.05,1,1,0.88966
19,4,919.53,317.13,140.38,180.44,1,1,0.91716
19,5,875.13,488.72,147.56,224.86,1,1,0.9081
19,6,1057.53,501.91,147.42,213.87,1,1,0.90722
19,7,383.73,171.34,131.7,225.2,1,1,0.89148
19,8,471.61,489.82,148.05,202.18,1,1,0.89779
19,9,1631.67,465.36,149.71,242.77,1,1,0.89392
19,10,1367.31,407.95,130.25,228.69,1,1,0.89616
19,11,675.1,670.17,113.3,275.23,1,1,0.8921
19,12,86.38,413.26,102.75,227.46,1,1,0.88482
19,13,987.07,456.9,106.83,188.27,1,1,0.87484
19,14,562.7,466.52,102.59,157.03,1,1,0.83245
19,15,675.75,505.66,122.94,200.33,1,1,0.82398
19,16,666.65,483.85,119.15,177.77,1,1,0.72065
20,0,251.76,480.76,152.68,217.29,1,1,0.91191
20,1,1215.78,543.92,176.14,209.73,1,1,0.91752
20,2,538.43,303.17,144.35,188.81,1,1,0.91088
20,3,1264.62,133.17,98.89,266.86,1,1,0.89184
20,4,919.63,317.68,140.2,180.24,1,1,0.91777
20,5,873.22,489.76,150.3,222.93,1,1,0.90987
20,6,1054.74,500.98,150.55,214.81,1,1,0.9068
20,7,381.93,171.33,130.68,228.35,1,1,0.89042
20,8,471.8,486.39,147.8,204.68,1,1,0.90333
20,9,1631.38,465.57,149.66,242.45,1,1,0.89547
20,10,1366.94,407.99,130.11,229.09,1,1,0.89732
20,11,674.63,670.14,113.45,275.19,1,1,0.89436
20,12,85.69,413.47,102.28,227.27,1,1,0.88386
20,13,987.38,457.22,106.53,187.91,1,1,0.87577
20,14,560.79,466.23,102.87,153.81,1,1,0.81114
20,15,675.75,501.58,121.72,204.37,1,1,0.82287
20,16,663.74,482.48,112.21,176.27,1,1,0.72732
21,0,250.44,475.9,154.7,221.45,1,1,0.91506
21,1,1216.27,543.62,176.2,209.99,1,1,0.91697
21,2,544.03,304.84,137.87,185.01,1,1,0.90286
21,3,1264.83,132.96,99.15,264.69,1,1,0.89316
21,4,920.49,317.67,139.77,179.91,1,1,0.91488
21,5,870.91,489.42,152.95,223.15,1,1,0.90565
21,6,1049.96,497.96,155.92,219.15,1,1,0.90359
21,7,380.02,170.94,128.72,230.12,1,1,0.89214
21,8,471.93,479.96,148.18,211.18,1,1,0.90404
21,9,1631.38,465.18,149.84,243.08,1,1,0.89514
21,10,1367.05,407.55,130.13,228.75,1,1,0.89567
21,11,674.28,669.98,114.34,276.38,1,1,0.89426
21,12,85.57,413.81,102.11,227.14,1,1,0.88525
21,13,987.62,457.03,107.29,188.96,1,1,0.87214
21,14,560.41,464.65,101.8,153.67,1,1,0.79688
21,15,675.13,497.07,122.28,207.09,1,1,0.83302
21,16,664.05,478.57,109.16,178.79,1,1,0.64157
22,0,249.5,469.45,157.03,229.6,1,1,0.91801
22,1,1216.58,541.78,177.15,211.33,1,1,0.91791
22,2,549.22,306.68,133.26,180.12,1,1,0.90125
22,3,1265.23,132.77,99.5,262.44,1,1,0.89518
22,4,922.47,316.12,138.55,180.36,1,1,0.91296
22,5,867.5,487.61,156.58,224.04,1,1,0.90794
22,6,1047.8,491.79,159.66,223.43,1,1,0.91199
22,7,379.98,170.28,124.38,230.11,1,1,0.88386
22,8,474.22,473.41,146.35,219.02,1,1,0.89832
22,9,1632.06,464.09,149.72,244.0,1,1,0.89574
22,10,1367.63,407.18,129.82,227.78,1,1,0.89489
22,11,673.58,668.64,117.3,279.63,1,1,0.89663
22,12,85.77,413.25,102.47,225.8,1,1,0.88446
22,13,987.59,456.39,107.05,189.97,1,1,0.87015
22,14,562.07,462.92,104.36,153.29,1,1,0.77075
22,15,681.95,484.61,140.56,195.7,1,1,0.69335
22,16,671.57,487.34,119.4,196.74,1,1,0.80713
23,0,245.98,462.84,160.81,238.0,1,1,0.91815
23,1,1217.14,540.63,177.23,212.37,1,1,0.91503
23,2,548.65,309.52,137.29,175.81,1,1,0.89155
23,3,1264.76,133.13,100.84,263.08,1,1,0.89228
23,4,923.01,314.39,137.75,181.67,1,1,0.90845
23,5,855.38,486.07,168.14,227.01,1,1,0.90253
23,6,1042.66,484.88,164.82,228.98,1,1,0.90829
23,7,378.8,169.66,121.03,238.76,1,1,0.88934
23,8,470.85,468.19,149.8,226.29,1,1,0.89657
23,9,1631.54,463.16,150.22,245.96,1,1,0.89191
23,10,1367.22,407.39,129.96,226.85,1,1,0.89371
23,11,673.13,668.92,121.51,278.53,1,1,0.89334
23,12,84.54,412.97,102.95,226.74,1,1,0.88187
23,13,985.29,457.07,107.96,189.67,1,1,0.86712
23,14,559.65,459.19,112.54,155.98,1,1,0.64982
23,15,678.24,486.04,144.89,205.63,1,1,0.81201
24,0,241.78,457.45,164.22,241.03,1,1,0.92863
24,1,1217.85,539.45,175.41,213.39,1,1,0.91649
24,2,547.3,312.33,142.54,171.74,1,1,0.89375
24,3,1264.18,134.2,101.88,263.28,1,1,0.8963
24,4,923.35,312.96,135.49,183.47,1,1,0.90129
24,5,842.55,483.36,180.41,230.54,1,1,0.90877
24,6,1037.53,478.96,169.62,232.56,1,1,0.91128
24,7,377.17,169.61,117.94,243.45,1,1,0.89466
24,8,461.15,463.95,158.28,229.55,1,1,0.90758
24,9,1630.62,463.47,150.13,245.75,1,1,0.89114
24,10,1366.4,408.31,130.15,226.72,1,1,0.89856
24,11,670.53,669.95,128.9,279.62,1,1,0.89381
24,12,82.76,412.38,103.47,227.65,1,1,0.88599
24,13,983.91,458.58,108.24,187.39,1,1,0.86581
24,15,673.0,484.8,144.49,208.4,1,1,0.8006
25,0,222.42,451.13,183.46,244.73,1,1,0.92999
25,1,1219.7,536.63,173.75,217.35,1,1,0.9114
25,2,550.92,313.33,145.38,168.24,1,1,0.88857
25,3,1264.76,134.79,103.6,261.54,1,1,0.89641
25,4,923.32,311.21,133.6,184.07,1,1,0.89965
25,5,830.63,478.37,193.49,232.99,1,1,0.90644
25,6,1035.3,473.56,172.42,235.77,1,1,0.91336
25,7,377.74,169.01,116.58,239.11,1,1,0.87961
25,8,448.52,458.78,171.01,230.92,1,1,0.91425
25,9,1630.38,462.43,150.68,244.72,1,1,0.88872
25,10,1366.82,408.17,129.97,227.21,1,1,0.89983
25,11,668.01,671.12,136.64,274.82,1,1,0.88788
25,12,78.62,410.16,109.17,229.68,1,1,0.8805
25,13,981.46,455.74,111.23,186.08,1,1,0.85339
25,15,671.09,483.35,148.27,213.3,1,1,0.83084
26,0,204.34,446.6,200.62,239.01,1,1,0.92805
26,1,1219.41,533.69,173.29,221.55,1,1,0.91685
26,2,559.88,313.32,142.61,159.91,1,1,0.87837
26,3,1265.67,135.66,104.65,260.22,1,1,0.90169
26,4,921.6,310.78,128.7,186.64,1,1,0.8964
26,5,820.13,471.7,205.35,235.99,1,1,0.90771
26,6,1032.15,468.61,174.86,239.58,1,1,0.91332
26,7,378.97,168.65,114.61,234.46,1,1,0.87861
26,8,439.93,455.15,179.75,231.8,1,1,0.91729
26,9,1629.73,462.55,151.42,238.31,1,1,0.89405
26,10,1367.39,408.27,129.45,222.03,1,1,0.90332
26,11,667.42,672.21,141.02,263.46,1,1,0.89094
26,12,75.03,407.94,114.46,233.14,1,1,0.89414
26,13,978.19,449.81,112.62,187.87,1,1,0.67808
26,15,672.83,483.11,148.01,216.27,1,1,0.83276
26,16,643.24,447.82,96.81,188.15,1,1,0.70011
26,14,544.09,444.43,106.12,143.98,1,1,0.64597
27,0,187.03,442.11,217.04,239.09,1,1,0.92531
27,1,1210.35,530.59,180.99,227.26,1,1,0.9219
27,2,566.25,313.13,138.52,155.14,1,1,0.87754
27,3,1265.5,136.61,106.24,260.58,1,1,0.8989
27,4,917.01,310.94,126.54,191.08,1,1,0.89468
27,5,812.24,464.72,214.29,241.75,1,1,0.91769
27,6,1023.78,464.1,180.81,243.1,1,1,0.90879
27,7,378.18,168.32,114.98,235.66,1,1,0.88145
27,8,435.37,452.3,184.97,234.51,1,1,0.91474
27,9,1628.02,461.96,152.77,234.46,1,1,0.89941
27,10,1367.32,410.17,129.57,216.86,1,1,0.90747
27,11,664.99,674.36,146.52,253.78,1,1,0.89989
27,12,72.7,404.97,120.84,239.1,1,1,0.89365
27,13,972.0,445.63,111.13,152.44,1,1,0.83633
27,15,669.51,483.66,148.94,219.29,1,1,0.81784
27,16,625.55,442.25,104.74,189.44,1,1,0.77525
27,14,536.94,442.79,107.24,140.44,1,1,0.73598
28,0,175.0,436.99,228.03,245.38,1,1,0.91184
28,1,1199.84,527.24,190.96,228.15,1,1,0.9142
28,2,570.34,312.12,129.6,158.3,1,1,0.88444
28,3,1264.74,137.6,108.91,259.48,1,1,0.8992
28,4,906.55,311.44,130.78,190.8,1,1,0.89271
28,5,800.96,457.36,223.09,249.36,1,1,0.9129
28,6,1015.76,458.58,187.07,248.62,1,1,0.90052
28,7,376.67,167.64,116.71,240.56,1,1,0.88438
28,8,432.18,447.46,187.69,240.98,1,1,0.91215
28,9,1621.86,460.09,158.01,241.36,1,1,0.8938
28,10,1362.75,411.14,134.39,213.99,1,1,0.90646
28,11,660.85,678.34,152.34,249.26,1,1,0.90354
28,12,70.97,400.93,127.59,247.25,1,1,0.89044
28,13,963.53,440.64,114.56,134.98,1,1,0.82192
28,15,665.34,484.26,134.88,226.28,1,1,0.86055
28,16,612.64,436.47,110.13,196.01,1,1,0.81209
28,14,526.08,441.09,113.29,141.38,1,1,0.7928
29,0,170.1,432.95,230.57,251.45,1,1,0.92611
29,1,1192.9,522.76,197.11,231.32,1,1,0.92409
29,2,572.15,311.82,122.53,172.36,1,1,0.89098
29,3,1265.16,138.4,110.15,260.84,1,1,0.90222
29,4,895.6,313.38,134.83,192.0,1,1,0.89181
29,5,792.11,451.14,226.64,251.24,1,1,0.91455
29,6,999.95,454.0,199.98,253.59,1,1,0.89804
29,7,376.97,168.02,116.36,239.19,1,1,0.88283
29,8,429.17,443.72,190.32,243.66,1,1,0.92522
29,9,1616.28,458.51,162.68,243.82,1,1,0.89918
29,10,1350.77,413.95,145.98,210.6,1,1,0.91892
29,11,659.5,682.3,153.95,245.51,1,1,0.91726
29,12,70.87,398.9,126.7,248.67,1,1,0.88941
29,15,661.88,482.17,136.4,226.33,1,1,0.85524
29,16,609.98,434.19,105.02,204.08,1,1,0.74851
29,14,513.93,438.7,115.98,128.58,1,1,0.83809
30,0,169.66,429.72,225.52,258.96,1,1,0.93359
30,1,1186.67,516.04,203.25,238.82,1,1,0.92681
30,2,569.55,312.01,123.21,168.85,1,1,0.88861
30,3,1266.42,138.82,110.19,259.2,1,1,0.90087
30,4,884.47,314.7,142.37,198.19,1,1,0.87914
30,5,785.23,446.87,231.11,253.03,1,1,0.92227
30,6,980.7,449.28,217.42,258.99,1,1,0.89872
30,7,377.66,168.29,115.7,238.77,1,1,0.88193
30,8,425.35,439.31,191.84,246.54,1,1,0.92761
30,9,1609.25,454.9,170.14,242.48,1,1,0.89466
30,10,1332.68,415.49,164.76,208.79,1,1,0.91165
30,11,658.91,685.71,155.43,243.14,1,1,0.91663
30,12,71.5,398.61,123.29,249.58,1,1,0.88996
30,15,657.13,482.35,139.26,223.63,1,1,0.86463
30,16,600.3,433.78,106.71,208.93,1,1,0.70487
30,14,503.85,434.25,120.67,129.97,1,1,0.83351
30,13,940.04,435.55,110.68,111.6,1,1,0.65168
31,0,164.11,428.76,221.05,261.01,1,1,0.92643
31,1,1178.33,507.73,210.17,245.84,1,1,0.93081
31,2,564.82,311.68,126.92,165.99,1,1,0.89052
31,3,1266.5,138.84,110.86,260.1,1,1,0.89821
31,4,878.3,315.29,141.49,192.77,1,1,0.85277
31,5,775.53,443.61,234.96,252.83,1,1,0.93041
31,6,967.9,446.8,222.07,257.74,1,1,0.89558
31,7,377.94,168.39,115.79,238.79,1,1,0.88221
31,8,417.85,437.21,189.19,248.51,1,1,0.9251
31,9,1600.36,450.89,178.7,242.0,1,1,0.90563
31,10,1312.45,416.01,185.71,208.35,1,1,0.91163
31,11,657.24,688.8,158.54,239.3,1,1,0.91373
31,12,71.66,400.23,121.86,245.75,1,1,0.87967
31,15,650.01,481.89,142.03,226.92,1,1,0.88482
31,16,592.39,436.81,104.46,188.75,1,1,0.7425
31,14,492.38,430.59,125.43,135.98,1,1,0.83883
31,13,932.75,430.19,108.14,98.93,1,1,0.76726
32,0,156.56,428.36,213.62,262.32,1,1,0.91367
32,1,1166.19,499.66,218.49,252.58,1,1,0.92371
32,2,560.93,311.5,130.7,166.86,1,1,0.88939
32,3,1266.66,138.53,111.54,260.83,1,1,0.898
32,4,871.09,315.1,143.68,193.22,1,1,0.86978
32,5,763.11,441.08,234.29,254.36,1,1,0.92179
32,6,954.77,445.83,218.27,254.41,1,1,0.89645
32,7,377.65,167.89,117.02,240.71,1,1,0.88085
32,8,407.03,437.3,183.18,249.83,1,1,0.91454
32,9,1588.24,447.22,190.52,244.15,1,1,0.91106
32,10,1293.41,415.97,205.17,210.49,1,1,0.91556
32,11,656.37,688.2,165.51,241.89,1,1,0.90554
32,12,67.95,404.94,128.53,243.83,1,1,0.88056
32,15,646.82,480.98,142.16,230.16,1,1,0.88098
32,16,579.36,437.72,112.61,175.25,1,1,0.78416
32,14,477.13,425.35,125.19,134.32,1,1,0.83393
32,13,922.63,426.84,113.97,87.91,1,1,0.78033
33,0,147.32,428.64,202.66,260.65,1,1,0.91099
33,1,1157.61,493.29,220.84,256.17,1,1,0.92906
33,2,557.94,311.27,135.08,170.16,1,1,0.89244
33,3,1266.85,139.17,113.88,262.14,1,1,0.90101
33,4,868.27,314.49,138.76,185.25,1,1,0.87122
33,5,746.26,438.52,233.12,252.76,1,1,0.91755
33,6,949.85,445.49,202.31,253.59,1,1,0.90398
33,7,377.14,168.05,118.63,244.02,1,1,0.88004
33,8,394.2,437.15,170.82,248.8,1,1,0.90869
33,9,1576.1,441.85,202.78,249.21,1,1,0.91345
33,10,1282.37,415.16,216.43,211.39,1,1,0.9228
33,11,657.34,687.01,175.15,243.35,1,1,0.91703
33,12,60.42,410.42,130.94,228.1,1,1,0.83951
33,15,644.25,478.05,144.59,231.85,1,1,0.87831
33,16,566.86,438.12,113.69,191.5,1,1,0.80441
33,14,464.35,420.85,128.67,157.72,1,1,0.8038
33,13,919.11,424.2,122.51,74.86,1,1,0.69196
34,0,138.29,426.17,184.26,261.93,1,1,0.90176
34,1,1149.66,488.88,210.47,258.26,1,1,0.92605
34,2,560.07,311.72,136.14,178.67,1,1,0.88888
34,3,1266.59,141.26,118.58,260.64,1,1,0.89766
34,4,866.41,313.62,164.13,178.1,1,1,0.86635
34,5,739.46,435.82,215.41,253.55,1,1,0.90904
34,6,940.33,444.18,185.39,255.95,1,1,0.89225
34,7,377.62,167.78,119.47,243.75,1,1,0.88401
34,8,381.65,436.16,158.38,249.2,1,1,0.90968
34,9,1561.84,432.71,213.39,258.9,1,1,0.91524
34,10,1277.81,413.89,220.92,212.65,1,1,0.92497
34,11,661.15,681.65,185.6,250.04,1,1,0.91198
34,12,48.01,414.84,136.81,204.98,1,1,0.88369
34,15,642.08,477.03,146.63,225.41,1,1,0.87813
34,16,553.17,436.65,119.55,200.35,1,1,0.83464
34,14,452.62,417.57,136.36,172.93,1,1,0.8428
34,21,1637.3,392.09,120.8,221.91,1,1,0.81311
35,0,124.05,423.33,174.62,264.13,1,1,0.89626
35,1,1143.29,487.28,191.5,257.25,1,1,0.92467
35,2,562.59,313.69,143.53,188.3,1,1,0.90443
35,3,1266.96,146.32,121.72,251.9,1,1,0.89195
35,4,862.27,313.75,170.96,178.29,1,1,0.87641
35,5,736.2,432.19,191.39,251.64,1,1,0.90338
35,6,926.91,442.87,185.35,259.13,1,1,0.90374
35,7,377.32,167.97,120.53,241.23,1,1,0.88268
35,8,368.87,434.86,160.87,250.17,1,1,0.91513
35,9,1546.21,426.83,222.56,265.21,1,1,0.91882
35,10,1276.18,413.54,218.34,213.21,1,1,0.9217
35,11,675.85,675.89,189.48,255.89,1,1,0.91051
35,12,38.19,419.6,137.81,198.36,1,1,0.88163
35,15,635.82,475.76,149.77,225.93,1,1,0.87683
35,16,543.4,434.48,122.83,209.48,1,1,0.8085
35,14,441.08,416.61,138.69,182.15,1,1,0.83634
35,21,1633.4,390.38,116.32,224.64,1,1,0.85525
36,0,114.05,420.87,172.89,267.3,1,1,0.86752
36,1,1131.71,486.07,175.51,259.35,1,1,0.91584
36,2,568.56,316.58,147.52,195.62,1,1,0.90444
36,3,1268.29,150.98,124.42,239.73,1,1,0.8931
36,4,861.93,315.81,165.82,177.29,1,1,0.85289
36,5,735.27,429.08,172.92,256.41,1,1,0.89003
36,6,921.17,439.29,184.52,264.03,1,1,0.90343
36,7,378.16,169.17,121.01,227.79,1,1,0.89573
36,8,356.4,432.39,167.64,255.09,1,1,0.91589
36,9,1536.63,421.5,220.48,270.22,1,1,0.91941
36,10,1275.01,413.75,210.55,212.5,1,1,0.91691
36,11,700.19,672.57,188.39,253.82,1,1,0.90414
36,12,33.91,421.09,136.87,206.98,1,1,0.85601
36,15,630.98,476.37,146.9,226.15,1,1,0.87263
36,16,530.7,430.69,131.2,221.93,1,1,0.83489
36,14,434.1,415.38,130.44,187.58,1,1,0.83923
36,21,1626.81,387.97,116.06,225.49,1,1,0.85916
37,0,100.46,418.64,179.16,272.56,1,1,0.84349
37,1,1120.16,482.34,174.12,258.68,1,1,0.91941
37,2,574.89,320.07,152.52,201.0,1,1,0.89873
37,3,1269.29,156.39,130.39,231.34,1,1,0.90163
37,4,853.4,317.03,163.54,180.48,1,1,0.85079
37,5,733.03,425.24,156.92,252.73,1,1,0.87727
37,6,912.64,436.47,187.42,266.99,1,1,0.89602
37,7,379.31,171.11,122.05,220.78,1,1,0.90098
37,8,343.69,428.76,173.78,257.75,1,1,0.92237
37,9,1533.18,419.49,200.34,270.63,1,1,0.91864
37,10,1270.95,413.39,198.52,211.59,1,1,0.91889
37,11,730.13,667.57,179.38,253.81,1,1,0.90385
37,12,32.41,420.51,137.43,215.75,1,1,0.79784
37,15,628.44,478.75,136.61,220.81,1,1,0.86905
37,16,519.73,427.06,143.12,228.43,1,1,0.85752
37,14,428.24,412.9,119.2,190.25,1,1,0.84021
37,21,1620.16,386.75,118.83,226.11,1,1,0.88049
38,0,57.65,416.45,210.44,275.79,1,1,0.92235
38,1,1112.83,476.07,176.06,260.23,1,1,0.92481
38,2,580.97,322.05,157.8,198.32,1,1,0.8874
38,3,1273.59,161.58,133.39,224.75,1,1,0.89915
38,4,848.69,317.18,161.65,176.13,1,1,0.82505
38,5,734.2,421.98,142.98,257.53,1,1,0.85723
38,6,905.45,434.11,186.34,266.31,1,1,0.90019
38,7,380.31,172.59,124.88,217.99,1,1,0.9034
38,8,329.63,424.03,182.42,257.17,1,1,0.92656
38,9,1536.6,419.18,170.26,268.51,1,1,0.91681
38,10,1266.93,413.77,191.52,206.48,1,1,0.9224
38,11,757.39,663.36,168.16,253.6,1,1,0.90049
38,15,626.81,479.86,124.13,219.66,1,1,0.856
38,16,508.21,424.62,140.44,226.82,1,1,0.84787
38,14,423.98,409.75,113.51,192.38,1,1,0.85793
38,21,1621.72,384.82,122.34,226.3,1,1,0.90356
39,0,44.31,416.11,206.48,274.64,1,1,0.93453
39,1,1107.29,469.38,178.64,262.11,1,1,0.94529
39,2,589.05,323.39,157.72,196.44,1,1,0.87965
39,3,1281.08,167.28,131.78,212.56,1,1,0.90859
39,4,848.05,316.43,165.76,181.36,1,1,0.84966
39,5,731.63,419.03,143.41,253.78,1,1,0.88886
39,6,891.45,432.96,191.68,267.26,1,1,0.89468
39,7,381.82,173.5,129.05,214.98,1,1,0.91185
39,8,320.35,419.3,179.76,259.1,1,1,0.93524
39,9,1537.34,418.11,146.6,265.11,1,1,0.9268
39,10,1263.99,412.51,192.26,206.99,1,1,0.93439
39,11,778.25,657.22,167.45,252.57,1,1,0.92134
39,15,620.14,479.27,115.69,218.49,1,1,0.79874
39,16,497.04,424.73,140.2,220.59,1,1,0.85349
39,14,418.0,407.14,109.64,191.38,1,1,0.81496
39,21,1625.27,383.97,124.75,224.59,1,1,0.93012
40,0,45.05,417.03,185.44,271.38,1,1,0.92204
40,1,1104.21,461.93,177.46,266.39,1,1,0.94773
40,2,602.32,324.82,150.79,201.05,1,1,0.89635
40,3,1287.33,169.84,133.44,211.56,1,1,0.89808
40,4,849.02,315.45,151.07,181.05,1,1,0.82569
40,5,728.26,417.62,151.44,249.77,1,1,0.90275
40,6,886.58,429.36,184.88,269.73,1,1,0.89606
40,7,383.8,173.56,134.44,213.46,1,1,0.91265
40,8,316.06,416.11,168.39,263.54,1,1,0.93548
40,9,1534.35,414.57,142.89,265.53,1,1,0.94006
40,10,1262.9,410.91,193.85,212.31,1,1,0.93856
40,11,797.87,648.15,172.67,256.76,1,1,0.9207
40,15,604.89,482.51,125.19,205.51,1,1,0.77152
40,16,486.42,426.59,147.23,212.2,1,1,0.8664
40,14,413.0,405.36,105.78,188.52,1,1,0.8139
40,21,1628.18,382.56,129.8,223.09,1,1,0.93052
41,0,47.21,418.9,166.61,265.28,1,1,0.91607
41,1,1095.45,455.64,176.76,255.62,1,1,0.94545
41,2,611.49,326.3,142.17,200.96,1,1,0.9141
41,3,1291.6,171.18,136.03,200.45,1,1,0.91776
41,4,847.43,314.05,150.2,179.27,1,1,0.78165
41,5,720.74,416.94,164.23,244.27,1,1,0.91195
41,6,890.24,428.73,160.8,265.83,1,1,0.90132
41,7,387.26,173.76,137.61,207.67,1,1,0.92385
41,8,315.78,414.46,149.84,259.59,1,1,0.9132
41,9,1530.74,409.9,144.21,265.71,1,1,0.95328
41,10,1263.33,409.28,191.05,215.27,1,1,0.95413
41,11,818.64,640.75,170.62,257.94,1,1,0.94328
41,15,604.95,485.14,123.72,198.88,1,1,0.84664
41,16,476.15,427.46,149.77,207.79,1,1,0.894
41,14,406.36,404.83,97.59,189.3,1,1,0.79478
41,21,1627.81,379.49,136.67,222.6,1,1,0.94915
42,0,51.88,419.94,163.37,262.19,1,1,0.92368
42,1,1090.14,451.8,155.46,241.33,1,1,0.89835
42,2,616.86,328.65,133.93,191.94,1,1,0.89235
42,3,1294.46,168.94,140.72,198.05,1,1,0.927
42,4,844.58,310.95,125.98,183.8,1,1,0.80755
42,5,717.79,415.38,174.44,243.76,1,1,0.91204
42,6,889.02,431.4,139.79,239.69,1,1,0.87511
42,7,390.45,173.47,141.69,208.46,1,1,0.9251
42,8,317.8,412.69,127.58,256.76,1,1,0.91687
42,9,1525.99,403.53,151.38,268.73,1,1,0.95044
42,10,1267.12,407.69,176.81,222.04,1,1,0.95238
42,11,840.88,630.7,170.8,260.78,1,1,0.9431
42,15,599.1,487.35,135.75,207.46,1,1,0.8255
42,16,469.07,425.07,160.17,212.9,1,1,0.8854
42,21,1625.73,373.69,148.57,225.28,1,1,0.95253
43,0,50.86,416.48,171.69,263.11,1,1,0.92728
43,1,1081.73,449.33,142.66,234.18,1,1,0.93112
43,2,626.69,331.34,120.44,187.19,1,1,0.89394
43,3,1295.83,164.48,146.39,201.99,1,1,0.90699
43,4,836.52,308.34,112.95,177.73,1,1,0.79561
43,5,715.47,412.96,182.27,238.6,1,1,0.90633
43,6,891.14,432.99,127.41,220.36,1,1,0.87228
43,7,392.29,171.68,146.02,214.69,1,1,0.91198
43,8,317.11,410.14,118.95,260.9,1,1,0.91423
43,9,1517.2,394.75,162.8,273.07,1,1,0.9383
43,10,1271.2,406.11,149.5,225.25,1,1,0.93994
43,11,871.97,627.74,156.94,260.51,1,1,0.92673
43,15,588.95,490.75,149.19,214.91,1,1,0.89135
43,16,458.48,421.02,175.76,215.02,1,1,0.87798
43,21,1622.69,364.9,160.94,231.55,1,1,0.93659
44,0,45.49,411.94,183.14,268.31,1,1,0.94465
44,1,1069.07,448.47,149.46,233.29,1,1,0.93403
44,2,634.04,335.73,109.04,177.34,1,1,0.8802
44,3,1289.21,162.38,145.85,198.72,1,1,0.91587
44,4,829.89,309.57,105.93,189.67,1,1,0.84074
44,5,706.39,411.73,192.62,235.85,1,1,0.90152
44,6,886.47,431.22,130.1,230.93,1,1,0.89436
44,7,393.87,171.18,143.93,210.54,1,1,0.92246
44,8,309.48,408.76,115.08,257.48,1,1,0.91675
44,9,1510.17,387.53,165.11,265.66,1,1,0.9065
44,10,1269.87,406.46,129.42,226.11,1,1,0.92728
44,11,911.34,624.08,135.74,260.19,1,1,0.92076
44,15,579.74,493.43,158.83,231.44,1,1,0.87668
44,16,441.62,418.17,193.8,218.06,1,1,0.8818
44,21,1615.9,357.85,169.57,238.36,1,1,0.93878
44,14,386.28,383.81,100.21,157.91,1,1,0.65966
45,0,40.19,407.9,195.61,274.03,1,1,0.93757
45,1,1057.98,447.02,162.18,236.15,1,1,0.90428
45,2,638.09,340.3,105.97,179.65,1,1,0.8777
45,3,1278.65,161.58,139.91,198.18,1,1,0.91033
45,4,823.55,312.31,105.26,183.49,1,1,0.76379
45,5,697.52,410.87,197.16,239.28,1,1,0.89538
45,6,880.96,431.68,136.95,236.87,1,1,0.89352
45,7,394.63,170.25,139.17,214.22,1,1,0.91416
45,8,289.04,407.47,130.29,266.25,1,1,0.90711
45,9,1511.42,382.54,152.21,247.71,1,1,0.88199
45,10,1271.27,407.57,125.47,226.67,1,1,0.92537
45,11,936.22,619.38,133.59,255.46,1,1,0.91441
45,15,580.04,498.0,156.59,235.96,1,1,0.84589
45,16,434.71,413.74,199.9,225.21,1,1,0.88654
45,21,1607.38,353.11,171.25,240.9,1,1,0.9247
46,0,29.52,402.98,212.17,284.26,1,1,0.93634
46,1,1047.68,444.81,171.76,233.87,1,1,0.89827
46,2,638.51,345.61,104.24,176.41,1,1,0.86761
46,3,1272.1,161.0,131.54,201.83,1,1,0.89425
46,4,817.63,313.44,108.79,168.02,1,1,0.8765
46,5,695.9,409.62,186.61,243.94,1,1,0.88709
46,6,875.5,430.76,155.71,243.25,1,1,0.90422
46,7,398.4,168.94,130.33,215.5,1,1,0.9163
46,8,277.77,406.01,137.74,270.17,1,1,0.90005
46,9,1520.39,378.34,131.5,253.22,1,1,0.87467
46,10,1258.97,407.89,141.8,223.46,1,1,0.92416
46,11,950.96,615.37,151.77,251.68,1,1,0.8983
46,15,585.12,500.68,154.92,269.28,1,1,0.8209
46,16,432.38,408.87,200.78,229.25,1,1,0.88881
46,21,1599.47,349.36,163.97,238.0,1,1,0.91686
46,14,378.85,388.25,100.37,201.11,1,1,0.65154
47,0,29.39,401.38,211.56,288.91,1,1,0.93768
47,1,1025.04,443.54,187.1,231.79,1,1,0.90305
47,2,631.16,350.76,114.6,182.65,1,1,0.85442
47,3,1271.05,161.72,129.41,222.46,1,1,0.92891
47,4,809.24,316.06,112.57,168.23,1,1,0.78864
47,5,691.62,408.66,167.49,245.61,1,1,0.85931
47,6,871.8,428.4,169.16,246.74,1,1,0.89681
47,7,402.61,169.43,125.92,218.21,1,1,0.92029
47,8,275.71,406.62,130.08,269.99,1,1,0.89477
47,9,1531.08,374.44,118.52,253.64,1,1,0.88361
47,10,1233.08,407.91,171.58,222.01,1,1,0.92982
47,11,963.25,611.03,167.65,252.54,1,1,0.88787
47,15,590.97,507.55,149.92,278.13,1,1,0.86196
47,16,433.11,406.46,199.77,229.05,1,1,0.89454
47,21,1591.33,346.56,149.15,237.66,1,1,0.91115
47,14,372.46,387.09,107.69,214.66,1,1,0.76986
48,0,29.2,403.12,204.41,288.11,1,1,0.94367
48,1,1015.57,442.88,186.11,224.82,1,1,0.80748
48,2,610.53,355.34,133.6,196.11,1,1,0.86376
48,3,1271.36,163.13,127.38,232.78,1,1,0.92436
48,4,796.22,317.66,111.47,171.85,1,1,0.85397
48,5,686.66,408.97,143.23,238.74,1,1,0.83691
48,6,864.3,426.65,183.03,255.19,1,1,0.90696
48,7,406.69,170.81,124.62,218.57,1,1,0.92448
48,8,275.64,408.05,120.7,268.82,1,1,0.90052
48,9,1533.52,368.12,119.68,259.06,1,1,0.89685
48,10,1209.13,407.66,195.38,221.82,1,1,0.93243
48,11,981.48,604.24,173.79,254.79,1,1,0.92454
48,15,597.7,512.56,147.16,282.93,1,1,0.89397
48,16,431.27,405.9,194.68,227.8,1,1,0.90585
48,21,1585.75,345.13,146.69,238.35,1,1,0.92027
49,0,26.52,404.86,193.01,285.46,1,1,0.94795
49,1,1009.54,442.3,188.08,223.77,1,1,0.86038
49,2,599.96,359.65,137.18,205.89,1,1,0.86748
49,3,1269.48,165.22,128.06,237.59,1,1,0.92615
49,4,783.3,320.05,114.03,159.34,1,1,0.87579
49,5,686.62,406.5,114.25,233.64,1,1,0.72959
49,6,861.13,423.9,190.24,260.74,1,1,0.91882
49,7,410.08,172.28,125.49,219.99,1,1,0.93006
49,8,273.79,407.76,115.63,267.82,1,1,0.90473
49,9,1524.19,360.14,136.05,265.91,1,1,0.90607
49,10,1194.74,408.85,200.71,221.85,1,1,0.93335
49,11,1011.56,599.81,165.93,242.96,1,1,0.92363
49,15,605.83,516.78,150.14,286.18,1,1,0.87843
49,16,427.77,405.63,178.35,227.4,1,1,0.903
49,21,1579.86,344.1,154.26,238.62,1,1,0.93076
50,0,21.89,405.98,177.23,283.67,1,1,0.94939
50,1,1010.85,441.85,157.32,223.44,1,1,0.88427
50,2,596.99,362.39,135.3,209.88,1,1,0.85016
50,3,1266.94,168.79,128.73,235.56,1,1,0.92739
50,4,772.26,322.1,117.99,195.32,1,1,0.81077
50,5,681.68,406.84,102.41,186.47,1,1,0.7248
50,6,860.7,419.93,192.19,264.8,1,1,0.92371
50,7,412.77,174.25,128.73,217.74,1,1,0.93034
50,8,270.25,406.4,113.96,263.54,1,1,0.91066
50,9,1514.05,351.73,153.2,274.62,1,1,0.92407
50,10,1193.52,411.2,185.26,220.74,1,1,0.94003
50,11,1049.84,594.6,156.6,250.82,1,1,0.9167
50,15,612.72,521.33,147.39,267.4,1,1,0.85674
50,16,425.43,405.22,161.39,227.07,1,1,0.9304
50,21,1575.36,343.02,160.86,236.76,1,1,0.93666
50,14,348.81,384.7,112.19,230.02,1,1,0.79158
51,0,10.4,404.99,162.32,284.19,1,1,0.93382
51,1,1004.98,440.34,144.08,225.93,1,1,0.91711
51,3,1264.7,172.97,127.94,235.14,1,1,0.9207
51,4,763.67,325.42,116.29,170.12,1,1,0.85994
51,6,861.96,415.89,186.05,267.82,1,1,0.90925
51,7,410.86,177.18,135.87,212.35,1,1,0.93056
51,8,260.5,403.82,118.18,264.61,1,1,0.87847
51,9,1502.21,346.12,162.53,277.25,1,1,0.91757
51,10,1192.87,416.92,161.33,220.39,1,1,0.92949
51,11,1085.18,589.79,150.56,254.53,1,1,0.91586
51,15,614.95,525.13,150.09,257.74,1,1,0.90051
51,16,422.31,404.75,161.05,226.99,1,1,0.9362
51,21,1568.59,341.67,164.82,232.3,1,1,0.92018
51,14,340.95,383.94,109.24,232.58,1,1,0.72781
52,0,1.04,404.09,135.92,282.56,1,1,0.90282
52,1,989.56,437.68,143.52,232.05,1,1,0.91804
52,3,1258.72,176.81,130.75,235.42,1,1,0.91832
52,4,753.63,329.69,120.86,186.55,1,1,0.81933
52,6,856.82,411.19,179.73,272.58,1,1,0.89369
52,7,404.72,179.2,143.25,209.18,1,1,0.92752
52,8,237.69,402.31,130.9,265.89,1,1,0.87162
52,9,1490.08,341.84,160.51,273.98,1,1,0.90523
52,10,1192.83,424.5,145.15,218.08,1,1,0.91082
52,11,1120.74,583.89,141.94,256.67,1,1,0.90529
52,15,611.84,530.01,155.58,258.54,1,1,0.89753
52,16,415.05,404.01,169.32,227.81,1,1,0.92908
52,21,1558.44,340.48,164.69,217.17,1,1,0.90264
52,14,330.44,382.88,110.38,236.97,1,1,0.84855
52,2,640.92,370.02,119.34,117.8,1,1,0.66035
52,5,643.71,406.77,118.56,194.18,1,1,0.7199
53,0,-2.42,402.84,115.44,282.74,1,1,0.88498
53,1,968.29,433.56,152.2,239.34,1,1,0.91524
53,3,1250.93,179.67,129.41,233.12,1,1,0.92026
53,4,744.2,333.09,120.58,192.51,1,1,0.86284
53,6,845.43,405.46,179.53,279.29,1,1,0.89531
53,7,398.05,179.64,145.33,206.94,1,1,0.92493
53,8,222.03,399.62,136.9,265.38,1,1,0.8746
53,9,1472.8,337.79,158.47,271.34,1,1,0.91122
53,10,1183.9,429.64,157.92,215.73,1,1,0.89069
53,11,1142.69,576.83,144.06,258.33,1,1,0.9136
53,15,603.93,534.54,167.38,264.83,1,1,0.90586
53,16,402.55,401.83,182.07,228.75,1,1,0.93204
53,21,1542.96,336.07,162.39,205.97,1,1,0.89095
53,14,316.69,382.18,113.42,245.98,1,1,0.84548
53,2,661.07,369.73,139.79,153.45,1,1,0.69996
53,5,625.22,406.22,125.28,215.25,1,1,0.80078
54,0,-2.95,402.66,100.19,282.49,1,1,0.89288
54,1,951.95,430.51,155.1,246.2,1,1,0.92395
54,3,1244.61,181.3,127.29,232.29,1,1,0.92088
54,4,735.51,336.28,116.63,200.67,1,1,0.84614
54,6,836.1,400.74,170.67,283.98,1,1,0.8942
54,7,397.53,179.83,138.71,203.83,1,1,0.93189
54,8,215.58,398.9,130.08,265.19,1,1,0.87477
54,9,1457.95,334.29,157.67,271.94,1,1,0.89037
54,10,1181.26,433.53,159.58,207.67,1,1,0.88639
54,11,1157.66,569.84,146.39,259.13,1,1,0.92097
54,15,601.68,539.87,175.01,253.86,1,1,0.9129
54,16,390.48,398.91,192.09,231.97,1,1,0.93101
54,21,1527.53,332.92,151.86,191.61,1,1,0.85316
54,14,298.69,380.27,121.35,248.25,1,1,0.85742
54,2,667.31,367.1,129.24,156.09,1,1,0.71001
54,5,607.12,407.14,131.48,225.81,1,1,0.8428
54,12,46.52,403.31,132.18,229.23,1,1,0.80655
55,0,-2.54,403.74,91.0,282.8,1,1,0.86589
55,1,943.1,429.68,150.68,246.39,1,1,0.90818
55,3,1226.79,182.72,136.35,232.17,1,1,0.91111
55,4,726.82,338.63,105.46,152.02,1,1,0.78107
55,6,829.58,397.87,151.6,289.19,1,1,0.88176
55,7,397.77,180.03,135.81,203.12,1,1,0.9142
55,8,206.71,400.27,125.41,264.77,1,1,0.8859
55,9,1441.56,330.58,159.13,275.51,1,1,0.88634
55,10,1167.53,435.42,164.53,228.83,1,1,0.90238
55,11,1167.7,560.03,151.77,264.11,1,1,0.91282
55,15,600.77,545.47,180.73,245.5,1,1,0.90039
55,16,378.71,396.17,197.97,235.94,1,1,0.92489
55,21,1514.53,327.41,133.43,204.91,1,1,0.80836
55,14,282.26,379.19,128.84,250.83,1,1,0.87209
55,2,674.04,362.62,116.94,175.74,1,1,0.83096
55,5,580.55,408.29,146.32,232.67,1,1,0.85911
55,12,33.78,402.61,143.13,232.74,1,1,0.83908
56,0,-2.41,405.39,72.62,285.32,1,1,0.84418
56,1,943.47,430.54,136.8,245.13,1,1,0.89349
56,3,1202.13,186.49,150.43,225.04,1,1,0.90962
56,4,721.1,339.66,94.44,102.52,1,1,0.66176
56,6,814.26,395.74,139.69,289.41,1,1,0.88176
56,7,396.46,180.58,135.88,201.18,1,1,0.90541
56,8,192.18,403.07,125.37,257.08,1,1,0.87663
56,9,1430.24,322.9,168.73,277.4,1,1,0.89279
56,10,1160.15,436.27,153.1,228.99,1,1,0.89164
56,11,1178.55,551.72,154.38,264.53,1,1,0.90353
56,15,601.63,552.67,188.54,230.43,1,1,0.90506
56,16,356.75,394.77,208.95,243.62,1,1,0.91837
56,14,263.88,379.22,135.61,250.16,1,1,0.88266
56,2,677.06,360.02,117.79,179.94,1,1,0.81616
56,5,551.76,409.35,163.06,237.23,1,1,0.87689
56,12,15.85,400.99,146.61,232.53,1,1,0.86752
57,0,-1.18,406.75,59.4,288.83,1,1,0.84633
57,1,931.1,431.29,137.52,231.87,1,1,0.89311
57,3,1182.05,189.95,162.4,220.73,1,1,0.91009
57,6,803.45,394.88,127.42,289.59,1,1,0.8559
57,7,394.71,179.36,135.66,203.9,1,1,0.90741
57,8,173.13,406.03,131.76,261.49,1,1,0.88459
57,9,1419.32,312.2,164.7,282.69,1,1,0.86646
57,10,1145.64,436.91,147.86,231.11,1,1,0.90793
57,11,1203.56,542.99,147.97,268.77,1,1,0.90722
57,15,604.51,557.84,197.94,230.65,1,1,0.89917
57,16,341.35,395.52,213.69,249.61,1,1,0.91378
57,14,243.17,379.84,145.47,254.24,1,1,0.87314
57,2,677.51,353.86,124.49,204.27,1,1,0.82372
57,5,530.89,410.31,172.79,243.26,1,1,0.89516
57,12,3.75,395.87,138.06,235.71,1,1,0.87805
58,0,-0.65,411.58,51.32,286.32,1,1,0.8172
58,1,920.25,431.18,134.67,233.56,1,1,0.89342
58,3,1167.4,193.88,168.79,215.66,1,1,0.91328
58,6,800.22,394.84,118.26,281.6,1,1,0.85512
58,7,393.99,176.42,133.15,204.99,1,1,0.90206
58,8,154.63,408.2,134.26,261.91,1,1,0.89333
58,9,1411.74,304.62,166.76,276.41,1,1,0.84662
58,10,1129.6,438.22,149.57,228.97,1,1,0.908
58,11,1233.37,537.93,137.2,256.68,1,1,0.88426
58,15,608.98,561.61,197.43,242.92,1,1,0.90447
58,16,332.24,397.78,209.28,247.2,1,1,0.91219
58,14,226.01,382.24,150.04,254.65,1,1,0.87592
58,2,673.42,353.09,132.5,218.33,1,1,0.83973
58,5,516.93,411.48,180.58,251.88,1,1,0.90554
58,12,-0.96,367.38,112.81,259.37,1,1,0.8156
59,0,-0.72,414.05,41.63,283.08,1,1,0.77639
59,1,908.84,431.98,132.17,233.58,1,1,0.89677
59,3,1157.72,198.33,170.34,209.7,1,1,0.91662
59,6,792.59,396.58,111.29,275.75,1,1,0.87147
59,7,391.22,172.15,131.63,208.26,1,1,0.90613
59,8,133.63,410.24,138.25,260.96,1,1,0.89493
59,9,1401.77,295.79,173.16,267.11,1,1,0.88863
59,10,1115.66,441.0,146.91,224.98,1,1,0.90762
59,11,1247.23,529.98,144.47,252.27,1,1,0.89312
59,15,615.06,565.64,198.3,253.62,1,1,0.89462
59,16,318.22,401.55,205.35,241.69,1,1,0.91703
59,14,209.74,386.11,151.58,254.06,1,1,0.89199
59,2,678.84,354.93,133.32,227.34,1,1,0.87125
59,5,506.29,412.34,178.11,256.69,1,1,0.89544
59,12,-2.37,344.95,82.53,277.38,1,1,0.88018
59,4,644.83,340.66,104.67,143.39,1,1,0.81581
60,0,-0.47,395.72,44.0,299.22,1,1,0.83225
60,1,902.62,432.71,125.58,233.79,1,1,0.88652
60,3,1149.31,202.97,174.02,204.38,1,1,0.91475
60,6,786.6,397.03,107.44,278.8,1,1,0.87023
60,7,386.89,165.18,134.44,214.17,1,1,0.90298
60,8,118.06,410.72,138.14,262.48,1,1,0.89485
60,9,1390.62,289.45,171.16,257.87,1,1,0.88906
60,10,1107.79,444.76,143.52,224.17,1,1,0.87914
60,11,1253.05,523.49,162.71,256.41,1,1,0.88826
60,15,626.45,570.05,201.61,257.9,1,1,0.8972
60,16,312.99,405.39,190.27,236.0,1,1,0.91422
60,14,199.49,389.7,145.87,253.11,1,1,0.8928
60,2,679.25,357.69,136.41,237.85,1,1,0.8915
60,5,491.48,411.51,186.28,260.62,1,1,0.89797
60,12,-1.86,334.12,92.83,263.08,1,1,0.86627
60,4,624.63,342.52,111.7,163.63,1,1,0.84878
61,0,-0.42,376.96,36.6,308.63,1,1,0.7283
61,1,893.46,433.29,123.55,232.38,1,1,0.89613
61,3,1143.03,205.77,175.64,201.81,1,1,0.91674
61,6,775.73,399.96,106.94,275.37,1,1,0.84355
61,7,385.94,156.35,139.81,220.6,1,1,0.90355
61,8,104.55,411.84,132.99,260.86,1,1,0.87762
61,9,1383.52,283.11,159.89,260.35,1,1,0.8724
61,10,1102.53,449.86,139.13,226.62,1,1,0.87633
61,11,1261.17,517.12,174.3,261.48,1,1,0.9166
61,15,633.78,576.85,210.36,252.82,1,1,0.90893
61,16,308.37,410.32,173.24,229.71,1,1,0.91002
61,14,185.15,394.97,142.93,250.89,1,1,0.88335
61,2,678.47,361.57,141.42,242.46,1,1,0.88795
61,5,471.79,412.55,200.9,259.81,1,1,0.89806
61,12,-1.91,328.63,107.35,227.81,1,1,0.86901
61,4,608.02,346.15,123.18,190.91,1,1,0.856
62,0,-0.31,319.61,25.27,255.29,1,1,0.70909
62,1,878.46,432.79,127.46,232.7,1,1,0.9037
62,3,1133.06,207.05,179.67,200.86,1,1,0.91283
62,6,758.13,406.62,109.87,271.51,1,1,0.83433
62,7,384.64,147.21,147.88,227.32,1,1,0.9106
62,8,92.22,413.18,127.7,257.97,1,1,0.87556
62,9,1380.49,277.76,134.58,263.0,1,1,0.84261
62,10,1097.96,454.78,134.83,222.45,1,1,0.87116
62,11,1278.86,512.51,174.3,239.46,1,1,0.89855
62,15,635.29,584.48,208.12,246.1,1,1,0.90771
62,16,301.78,414.77,154.63,223.46,1,1,0.90215
62,14,172.25,398.08,136.19,252.58,1,1,0.87042
62,2,679.89,365.11,147.22,238.76,1,1,0.86662
62,5,454.75,411.79,210.56,261.53,1,1,0.90861
62,12,-1.85,324.72,125.81,229.45,1,1,0.88925
62,4,594.53,349.89,131.89,205.81,1,1,0.86968
63,0,0.1,297.88,40.85,240.56,1,1,0.79795
63,1,857.69,432.92,136.68,231.66,1,1,0.88914
63,3,1120.44,207.48,187.89,204.67,1,1,0.91448
63,6,736.1,417.35,119.72,256.97,1,1,0.8455
63,7,385.74,139.64,150.47,234.82,1,1,0.91309
63,8,75.55,412.84,122.63,258.37,1,1,0.87697
63,9,1372.0,270.65,125.94,265.6,1,1,0.83421
63,10,1086.46,461.32,141.3,207.69,1,1,0.90655
63,11,1306.28,505.35,170.54,247.21,1,1,0.89527
63,15,633.12,591.28,210.62,236.89,1,1,0.91773
63,16,290.11,418.24,145.18,229.01,1,1,0.89619
63,14,160.23,399.67,136.5,259.95,1,1,0.86693
63,2,680.45,368.71,157.27,236.02,1,1,0.86851
63,5,439.46,411.81,212.0,262.94,1,1,0.90654
63,12,-1.15,322.46,137.48,227.86,1,1,0.88176
63,4,578.31,354.17,144.24,216.79,1,1,0.88228
64,0,-0.72,289.81,54.85,242.4,1,1,0.8619
64,1,844.31,433.1,137.96,230.4,1,1,0.88931
64,3,1110.55,207.35,196.55,208.49,1,1,0.91483
64,6,721.64,426.66,127.03,260.3,1,1,0.84216
64,7,386.0,133.64,150.1,238.71,1,1,0.9081
64,8,37.71,410.97,136.94,255.19,1,1,0.87084
64,9,1348.14,265.2,140.54,267.81,1,1,0.87488
64,10,1071.31,466.74,152.07,217.46,1,1,0.88938
64,11,1336.26,502.4,160.02,260.25,1,1,0.89616
64,15,632.34,598.5,218.67,235.92,1,1,0.9093
64,16,279.69,420.87,144.94,230.24,1,1,0.89093
64,14,152.84,400.51,135.05,268.92,1,1,0.87949
64,2,683.2,371.99,167.62,238.04,1,1,0.70031
64,5,424.47,412.15,208.11,265.06,1,1,0.9027
64,12,24.58,319.85,119.92,169.23,1,1,0.73221
64,4,566.99,358.41,145.04,218.82,1,1,0.88519
65,0,-1.38,286.78,69.91,252.97,1,1,0.86989
65,1,832.14,430.87,138.65,232.08,1,1,0.89518
65,3,1103.51,208.08,204.62,208.83,1,1,0.91204
65,6,706.81,434.17,129.98,259.51,1,1,0.84093
65,7,387.48,128.88,147.69,241.48,1,1,0.90703
65,8,25.14,411.68,131.42,258.6,1,1,0.86785
65,9,1323.41,272.86,150.41,256.32,1,1,0.86267
65,10,1053.72,472.07,161.05,239.28,1,1,0.89849
65,11,1363.77,499.11,150.18,249.6,1,1,0.89152
65,15,629.7,602.98,235.4,240.61,1,1,0.91339
65,16,266.35,422.6,150.26,236.47,1,1,0.89594
65,14,138.27,401.74,145.48,260.96,1,1,0.85683
65,2,689.93,375.6,160.24,231.4,1,1,0.68133
65,5,409.17,412.47,203.41,265.67,1,1,0.89706
65,12,47.67,317.26,107.23,141.85,1,1,0.64511
65,4,559.9,363.18,143.54,219.3,1,1,0.87088
65,21,1346.64,247.84,130.7,233.88,1,1,0.68465
66,0,-1.7,285.54,85.19,264.11,1,1,0.87399
66,1,817.73,431.62,138.11,232.12,1,1,0.88867
66,3,1097.93,209.52,210.63,206.26,1,1,0.91199
66,6,695.96,440.79,128.4,251.66,1,1,0.85604
66,7,389.65,125.59,140.93,239.14,1,1,0.90017
66,8,2.38,409.83,139.41,262.68,1,1,0.87241
66,9,1303.43,276.46,154.17,253.99,1,1,0.86481
66,10,1038.54,477.74,164.42,256.21,1,1,0.90656
66,11,1373.44,494.84,158.26,250.56,1,1,0.90401
66,15,631.17,604.31,246.33,259.38,1,1,0.90901
66,16,249.56,423.56,158.81,244.01,1,1,0.89084
66,14,128.42,403.39,144.57,258.65,1,1,0.8722
66,5,393.14,413.66,199.43,269.12,1,1,0.89512
66,4,555.61,366.39,142.1,219.16,1,1,0.8727
66,21,1325.95,242.66,133.61,229.37,1,1,0.76814
67,0,-1.93,283.89,101.14,244.69,1,1,0.7798
67,1,805.52,432.03,136.24,231.87,1,1,0.87829
67,3,1092.27,211.73,210.25,202.54,1,1,0.90964
67,6,687.43,441.22,124.42,252.71,1,1,0.8553
67,7,393.39,123.19,131.55,235.56,1,1,0.88672
67,8,-6.42,410.61,124.87,265.65,1,1,0.87734
67,9,1286.03,276.01,152.58,252.83,1,1,0.86495
67,10,1023.13,485.52,169.39,251.34,1,1,0.89558
67,11,1379.55,488.84,165.95,252.87,1,1,0.91359
67,15,640.93,607.06,243.93,269.66,1,1,0.90303
67,16,231.63,423.51,167.73,253.22,1,1,0.89693
67,14,114.9,404.25,143.48,260.1,1,1,0.87097
67,5,381.01,414.61,199.0,265.55,1,1,0.88894
67,4,547.14,367.21,145.52,217.5,1,1,0.87206
67,2,746.96,382.22,118.86,182.51,1,1,0.66602
67,12,75.51,311.39,104.25,204.62,1,1,0.81179
68,0,-2.14,283.95,113.85,205.21,1,1,0.7949
68,1,795.68,432.96,134.44,226.83,1,1,0.88306
68,3,1087.96,211.86,199.25,201.76,1,1,0.91068
68,6,676.83,440.01,129.57,259.57,1,1,0.87309
68,7,396.5,120.16,125.2,234.99,1,1,0.87586
68,8,-8.2,412.42,102.83,267.78,1,1,0.85069
68,9,1273.24,274.12,136.61,251.38,1,1,0.83446
68,10,1010.99,491.99,178.59,261.59,1,1,0.89328
68,11,1385.34,481.23,173.52,259.11,1,1,0.91567
68,15,659.22,609.98,236.59,271.48,1,1,0.90526
68,16,215.03,423.77,170.05,261.81,1,1,0.90309
68,14,91.85,409.31,149.08,257.83,1,1,0.86979
68,5,361.15,415.2,209.36,260.58,1,1,0.89601
68,4,531.56,365.02,153.53,211.82,1,1,0.87967
68,12,95.04,305.89,101.02,173.17,1,1,0.7501
68,21,1276.01,241.16,88.68,226.0,1,1,0.69275
69,0,-2.52,283.28,125.21,202.33,1,1,0.85293
69,1,784.58,435.54,134.57,218.54,1,1,0.87986
69,3,1091.04,211.8,182.15,200.8,1,1,0.89645
69,6,666.78,437.98,129.53,263.42,1,1,0.87313
69,7,391.03,118.1,129.72,238.5,1,1,0.89006
69,8,-7.59,413.55,88.79,258.06,1,1,0.78445
69,9,1256.4,269.9,133.55,254.61,1,1,0.80062
69,10,997.92,502.48,188.07,233.64,1,1,0.90901
69,11,1395.98,474.96,175.33,251.34,1,1,0.89055
69,15,682.38,612.5,217.99,273.29,1,1,0.90123
69,16,195.83,424.94,169.88,264.6,1,1,0.8931
69,14,75.51,418.57,146.27,246.97,1,1,0.86774
69,5,343.02,417.77,212.81,259.1,1,1,0.90169
69,4,513.1,362.52,161.2,207.94,1,1,0.89841
69,12,107.2,300.27,107.04,176.32,1,1,0.83966
69,21,1249.67,243.49,74.86,223.27,1,1,0.76018
69,2,778.22,386.57,89.62,108.72,1,1,0.65694
70,0,-2.82,282.13,134.31,206.36,1,1,0.86496
70,1,772.19,439.76,135.16,197.53,1,1,0.84386
70,3,1095.72,211.09,158.57,199.96,1,1,0.89155
70,6,657.42,436.2,127.53,263.76,1,1,0.86631
70,7,382.82,117.68,140.04,237.16,1,1,0.90494
70,8,-6.73,412.17,74.96,246.07,1,1,0.70622
70,9,1246.24,267.74,121.59,261.21,1,1,0.87398
70,10,984.37,512.05,193.96,221.03,1,1,0.91675
70,11,1415.87,468.78,167.71,245.66,1,1,0.88941
70,15,709.69,615.73,189.69,264.31,1,1,0.90729
70,16,172.24,428.51,166.99,261.56,1,1,0.89566
70,14,57.89,428.67,139.78,243.88,1,1,0.83373
70,5,322.43,421.51,216.04,256.47,1,1,0.91395
70,4,495.7,358.76,170.6,210.2,1,1,0.8972
70,12,118.91,294.97,113.25,180.5,1,1,0.85836
70,21,1222.3,247.0,77.22,221.86,1,1,0.8261
70,2,785.37,386.31,114.8,93.03,1,1,0.80185
71,0,1.8,279.27,145.81,201.09,1,1,0.88705
71,1,760.3,441.79,146.86,198.23,1,1,0.81525
71,3,1108.17,208.77,139.61,203.77,1,1,0.88071
71,6,655.08,430.78,126.93,272.36,1,1,0.83066
71,7,378.61,114.94,153.39,235.25,1,1,0.91537
71,9,1232.72,264.15,125.42,260.46,1,1,0.87671
71,10,978.32,516.47,196.01,224.45,1,1,0.9195
71,11,1450.38,465.84,151.95,228.87,1,1,0.90972
71,15,739.0,614.93,173.54,259.12,1,1,0.91002
71,16,157.87,430.16,152.92,257.26,1,1,0.89274
71,14,40.56,439.72,143.35,231.03,1,1,0.83675
71,5,309.13,424.09,217.81,253.12,1,1,0.92243
71,4,489.03,352.48,177.91,214.22,1,1,0.90285
71,12,136.14,288.65,121.02,187.05,1,1,0.88149
71,21,1201.55,245.16,81.16,213.6,1,1,0.81757
72,0,0.9,276.74,156.44,209.94,1,1,0.89002
72,1,747.1,443.3,146.87,203.37,1,1,0.81838
72,3,1116.66,206.66,136.34,205.83,1,1,0.84337
72,6,643.88,427.79,131.75,270.9,1,1,0.85868
72,7,368.59,111.66,163.98,234.15,1,1,0.91752
72,9,1213.3,263.63,133.3,259.41,1,1,0.8931
72,10,974.57,521.73,190.83,235.51,1,1,0.90721
72,11,1454.15,464.86,167.82,224.65,1,1,0.91176
72,15,741.28,614.02,182.01,264.67,1,1,0.90505
72,16,133.96,434.01,148.31,254.45,1,1,0.90066
72,14,12.7,447.72,148.12,229.27,1,1,0.86434
72,5,291.12,427.94,224.9,250.32,1,1,0.92266
72,4,478.81,348.25,185.58,217.38,1,1,0.90028
72,12,145.21,284.85,128.31,198.57,1,1,0.88521
72,21,1163.49,244.45,98.39,207.43,1,1,0.76049
72,2,783.36,382.81,140.69,182.69,1,1,0.75915
73,0,-1.29,275.07,166.2,212.51,1,1,0.89471
73,1,744.38,442.26,137.16,205.81,1,1,0.80135
73,3,1107.48,203.65,140.57,205.18,1,1,0.81398
73,6,627.69,425.63,132.17,260.64,1,1,0.84804
73,7,356.87,107.07,165.76,233.99,1,1,0.91947
73,9,1187.27,263.89,146.07,254.16,1,1,0.89676
73,10,976.19,528.39,179.34,236.53,1,1,0.90429
73,11,1449.39,461.66,184.65,224.26,1,1,0.91448
73,15,734.64,612.13,191.98,270.59,1,1,0.9091
73,16,106.94,436.52,147.41,251.31,1,1,0.89208
73,14,-3.47,453.03,139.79,229.07,1,1,0.87169
73,5,270.46,429.04,230.47,250.14,1,1,0.91908
73,4,466.32,345.0,194.03,220.02,1,1,0.90559
73,12,148.68,282.4,130.6,213.52,1,1,0.86405
73,21,1113.63,253.92,119.67,182.74,1,1,0.84899
73,2,775.94,382.63,142.2,191.81,1,1,0.70952
74,0,10.08,274.35,159.29,207.71,1,1,0.8796
74,1,725.64,440.57,144.87,208.28,1,1,0.81673
74,3,1128.68,200.26,121.25,128.04,1,1,0.65017
74,6,610.81,420.85,133.86,269.39,1,1,0.86857
74,7,343.27,102.25,160.88,235.15,1,1,0.91459
74,9,1163.18,266.04,156.18,242.13,1,1,0.8844
74,10,974.49,534.75,170.72,238.72,1,1,0.90123
74,11,1446.63,458.49,197.16,228.54,1,1,0.90787
74,15,726.51,607.91,205.28,284.93,1,1,0.90615
74,16,77.58,440.26,149.18,248.44,1,1,0.89101
74,14,-9.09,457.41,115.38,244.17,1,1,0.86507
74,5,246.22,429.54,232.28,250.44,1,1,0.91691
74,4,460.93,344.19,192.84,219.79,1,1,0.91469
74,12,151.95,279.68,129.08,228.15,1,1,0.85364
74,21,1061.92,253.53,141.0,188.68,1,1,0.86352
74,2,772.86,385.6,137.37,185.2,1,1,0.67427
75,0,28.75,271.63,142.52,207.87,1,1,0.88178
75,1,696.03,436.63,174.98,216.08,1,1,0.81585
75,3,1126.9,195.96,97.03,93.49,1,1,0.75882
75,6,591.62,416.22,137.34,273.78,1,1,0.85815
75,7,331.82,98.55,153.18,240.98,1,1,0.91563
75,9,1148.02,267.96,160.16,235.72,1,1,0.89995
75,10,966.88,540.81,168.94,235.86,1,1,0.90054
75,11,1459.75,456.29,189.37,211.36,1,1,0.90233
75,15,722.33,604.93,206.39,295.59,1,1,0.90641
75,16,47.7,445.51,149.99,244.58,1,1,0.89726
75,14,-8.83,461.03,83.95,236.66,1,1,0.81749
75,5,230.03,429.95,231.71,251.86,1,1,0.90952
75,4,455.34,345.8,191.4,217.06,1,1,0.89881
75,12,151.13,276.09,131.16,241.8,1,1,0.87458
75,21,1021.77,254.16,161.32,195.7,1,1,0.88037
75,2,789.41,387.87,116.22,177.12,1,1,0.71957
76,0,38.05,265.25,134.86,211.95,1,1,0.86699
76,1,668.46,434.88,189.11,224.09,1,1,0.80126
76,6,573.45,414.82,135.99,270.09,1,1,0.86397
76,7,324.27,95.55,149.28,241.17,1,1,0.91089
76,9,1126.48,268.37,171.59,233.5,1,1,0.88274
76,10,954.51,548.77,171.79,229.6,1,1,0.90637
76,11,1481.28,452.21,171.11,232.27,1,1,0.83394
76,15,726.75,602.35,199.1,304.12,1,1,0.90495
76,16,21.75,449.04,150.23,241.39,1,1,0.88757
76,14,-6.15,463.18,52.27,249.67,1,1,0.81136
76,5,211.3,428.5,238.33,254.57,1,1,0.91601
76,4,464.39,348.43,175.99,218.14,1,1,0.90274
76,12,151.67,270.22,137.96,252.04,1,1,0.88768
76,21,990.41,253.63,167.87,199.23,1,1,0.8913
76,2,797.8,390.49,107.28,176.21,1,1,0.81705
77,0,38.57,258.31,130.7,216.41,1,1,0.88126
77,1,660.86,432.79,184.49,223.9,1,1,0.80544
77,6,552.1,413.58,134.73,270.12,1,1,0.87268
77,7,319.55,92.28,153.1,239.46,1,1,0.9153
77,9,1102.07,266.51,180.31,231.8,1,1,0.89184
77,10,940.9,554.48,175.81,224.72,1,1,0.90559
77,11,1501.85,449.24,153.59,225.11,1,1,0.86644
77,15,738.86,598.89,182.18,311.01,1,1,0.90373
77,16,-2.03,454.22,145.31,243.57,1,1,0.91624
77,5,182.67,426.9,245.82,257.08,1,1,0.91717
77,4,457.84,351.11,173.33,213.66,1,1,0.89752
77,12,152.48,266.01,134.48,238.95,1,1,0.89052
77,21,963.73,251.73,164.23,202.77,1,1,0.89375
77,2,791.66,391.66,121.96,184.04,1,1,0.75891
78,0,32.9,250.87,139.8,227.08,1,1,0.89757
78,1,654.05,436.76,176.06,222.98,1,1,0.80706
78,6,529.72,410.07,134.23,266.95,1,1,0.86075
78,7,317.21,88.04,148.31,237.83,1,1,0.90921
78,9,1076.57,262.06,187.64,236.22,1,1,0.90052
78,10,926.04,556.41,182.42,230.35,1,1,0.91174
78,11,1516.62,445.11,144.74,221.22,1,1,0.89781
78,15,764.06,595.63,160.81,310.76,1,1,0.88787
78,16,-9.67,456.6,123.48,246.1,1,1,0.91212
78,5,158.54,426.54,246.29,257.96,1,1,0.91689
78,4,437.87,352.58,184.65,220.91,1,1,0.8973
78,12,160.46,261.57,116.7,222.72,1,1,0.88531
78,21,937.0,249.39,161.32,204.68,1,1,0.88853
78,2,781.71,391.53,142.62,201.09,1,1,0.86094
78,3,1074.36,175.88,100.64,196.35,1,1,0.81276
79,0,24.89,245.32,147.97,234.44,1,1,0.90032
79,1,645.26,438.61,170.74,223.26,1,1,0.84673
79,6,504.84,409.52,136.75,270.5,1,1,0.87307
79,7,308.7,80.99,142.93,238.35,1,1,0.90366
79,9,1057.43,258.17,187.37,233.19,1,1,0.89357
79,10,912.74,557.12,194.36,243.67,1,1,0.91041
79,11,1512.11,440.5,158.29,218.42,1,1,0.90143
79,15,779.29,592.3,156.13,309.82,1,1,0.89381
79,16,-10.04,459.31,94.95,251.5,1,1,0.89322
79,5,128.29,426.09,250.11,260.07,1,1,0.91153
79,4,418.82,352.25,197.29,217.98,1,1,0.90089
79,12,163.63,258.27,111.81,215.28,1,1,0.87589
79,21,907.99,247.09,161.37,209.11,1,1,0.87801
79,2,779.38,391.55,150.5,220.08,1,1,0.87425
79,3,1050.62,168.38,114.38,217.72,1,1,0.80059
80,0,28.64,239.78,142.6,240.54,1,1,0.89078
80,1,641.87,440.22,159.25,216.22,1,1,0.86175
80,6,480.36,410.18,139.22,272.72,1,1,0.86734
80,7,293.99,75.28,142.72,240.11,1,1,0.9208
80,9,1036.77,253.99,186.58,236.73,1,1,0.89747
80,10,903.96,554.65,205.41,261.02,1,1,0.91278
80,11,1504.72,432.82,174.79,223.76,1,1,0.90606
80,15,773.42,590.01,162.03,309.04,1,1,0.87768
80,16,-7.63,462.39,63.84,257.76,1,1,0.815
80,5,100.29,427.18,252.35,259.84,1,1,0.92403
80,4,402.06,350.61,198.47,216.27,1,1,0.91043
80,12,162.08,254.47,112.43,208.99,1,1,0.8864
80,21,874.08,244.64,160.71,213.41,1,1,0.89002
80,2,766.71,392.46,165.18,229.87,1,1,0.87862
80,3,1023.62,162.5,131.04,215.9,1,1,0.85055
81,0,34.37,235.26,135.1,246.81,1,1,0.89672
81,1,627.77,441.67,163.07,210.57,1,1,0.87521
81,6,452.22,409.63,145.45,283.06,1,1,0.86892
81,7,282.43,68.31,139.21,245.1,1,1,0.91249
81,9,1013.07,252.1,189.83,241.94,1,1,0.88992
81,10,899.03,557.31,216.43,274.11,1,1,0.90889
81,11,1501.73,425.65,184.09,214.01,1,1,0.90616
81,15,760.52,588.8,172.93,298.36,1,1,0.89245
81,16,-4.14,507.47,29.14,251.83,1,1,0.69007
81,5,71.78,427.2,253.77,263.1,1,1,0.92188
81,4,387.68,346.87,198.78,219.16,1,1,0.91251
81,12,160.13,249.85,114.77,206.22,1,1,0.89741
81,21,842.15,240.31,163.19,214.6,1,1,0.88871
81,2,749.66,394.39,176.84,235.3,1,1,0.87243
81,3,992.7,159.84,148.7,217.06,1,1,0.89214
81,24,1847.67,160.26,67.46,250.48,1,1,0.87913
82,0,31.45,232.86,134.38,249.84,1,1,0.89426
82,1,609.17,444.26,170.74,206.49,1,1,0.88537
82,6,422.38,409.44,154.67,285.44,1,1,0.86498
82,7,270.77,63.44,131.29,240.88,1,1,0.90641
82,9,986.68,249.26,193.0,250.9,1,1,0.89758
82,10,898.62,563.76,220.5,281.11,1,1,0.90782
82,11,1507.03,419.25,185.33,214.12,1,1,0.90506
82,15,746.66,590.09,170.15,293.63,1,1,0.89129
82,5,43.01,425.02,253.94,267.64,1,1,0.9219
82,4,377.37,345.66,196.31,211.32,1,1,0.89634
82,12,153.52,245.05,120.63,207.61,1,1,0.90045
82,21,817.02,238.62,160.43,208.37,1,1,0.87921
82,2,737.42,398.7,175.57,239.43,1,1,0.87364
82,3,966.36,160.76,164.18,219.53,1,1,0.89834
82,24,1819.74,161.72,91.59,236.7,1,1,0.90572
82,26,545.44,414.52,102.18,125.05,1,1,0.75771
83,0,21.5,228.52,138.04,251.79,1,1,0.88873
83,1,588.06,450.16,179.87,205.09,1,1,0.8508
83,6,387.74,414.03,155.06,283.68,1,1,0.85516
83,7,256.9,58.88,117.09,243.67,1,1,0.865
83,9,962.04,245.77,192.76,238.89,1,1,0.89779
83,10,899.09,575.14,212.4,273.01,1,1,0.89593
83,11,1518.4,413.92,183.86,231.25,1,1,0.90017
83,15,731.76,592.64,172.62,295.95,1,1,0.90646
83,5,14.96,425.09,250.81,267.28,1,1,0.91312
83,12,143.36,238.43,123.52,218.31,1,1,0.89378
83,21,793.18,235.9,153.49,198.15,1,1,0.87653
83,2,733.33,401.77,162.11,236.62,1,1,0.87118
83,3,948.52,161.52,173.06,222.71,1,1,0.90289
83,24,1782.4,160.68,118.11,227.04,1,1,0.89678
83,26,519.85,411.18,103.42,127.31,1,1,0.71824
83,27,645.42,436.94,123.33,105.11,1,1,0.69881
84,0,4.15,222.43,143.22,258.35,1,1,0.90601
84,1,566.69,439.15,187.43,225.74,1,1,0.89372
84,6,360.77,418.01,144.33,279.42,1,1,0.85082
84,7,235.58,54.79,105.16,242.5,1,1,0.87564
84,9,941.53,243.43,184.03,232.58,1,1,0.90016
84,10,889.86,587.79,199.91,267.34,1,1,0.90548
84,11,1536.7,409.94,179.68,250.91,1,1,0.90213
84,15,717.13,597.01,167.59,301.85,1,1,0.9032
84,5,-5.86,425.68,238.78,271.29,1,1,0.91568
84,12,130.7,233.68,120.71,228.05,1,1,0.87919
84,21,756.93,234.29,152.45,196.11,1,1,0.89771
84,2,722.14,405.64,151.05,234.6,1,1,0.86777
84,3,943.03,162.87,164.45,220.09,1,1,0.89244
84,24,1740.55,156.53,134.9,223.91,1,1,0.89926
84,26,472.32,408.17,124.02,215.17,1,1,0.73798
84,28,461.6,346.59,89.83,107.23,1,1,0.80999
85,0,-3.49,218.9,135.55,237.41,1,1,0.91803
85,1,546.38,435.73,189.8,234.05,1,1,0.87924
85,6,329.18,420.28,143.5,274.54,1,1,0.86119
85,7,208.47,52.12,102.35,232.13,1,1,0.84751
85,9,916.64,243.54,180.17,226.54,1,1,0.90709
85,10,865.47,597.38,192.02,259.54,1,1,0.89743
85,11,1550.5,408.24,164.32,264.17,1,1,0.89435
85,15,703.46,603.25,156.24,307.42,1,1,0.9045
85,5,-13.41,427.78,209.28,269.21,1,1,0.92627
85,12,114.3,230.45,115.21,235.81,1,1,0.87116
85,21,714.48,235.31,154.23,195.72,1,1,0.90333
85,2,698.14,407.01,150.47,231.37,1,1,0.87074
85,3,926.45,165.88,163.31,215.89,1,1,0.88292
85,24,1696.23,154.31,144.75,217.49,1,1,0.90432
85,26,439.19,407.5,127.38,242.6,1,1,0.73831
85,28,437.93,350.76,89.71,103.81,1,1,0.82178
86,0,-7.38,217.88,117.94,235.86,1,1,0.91086
86,1,528.22,436.41,185.09,235.06,1,1,0.87812
86,6,289.79,422.8,149.37,269.96,1,1,0.88206
86,7,175.31,50.66,112.28,219.79,1,1,0.87243
86,9,884.51,242.81,178.9,229.1,1,1,0.897
86,10,829.68,607.42,179.07,257.25,1,1,0.89107
86,11,1536.26,407.61,154.94,247.41,1,1,0.89124
86,15,686.41,614.07,144.64,315.78,1,1,0.86885
86,5,-15.25,432.07,166.85,261.31,1,1,0.92163
86,12,90.24,230.56,114.63,243.32,1,1,0.86125
86,21,671.67,238.09,156.78,191.88,1,1,0.90192
86,2,668.77,410.46,154.16,228.48,1,1,0.88608
86,3,890.34,170.0,176.05,214.04,1,1,0.87755
86,24,1650.41,154.3,153.2,209.96,1,1,0.90347
86,28,411.22,355.14,93.86,97.7,1,1,0.68451
87,0,-9.56,218.65,85.11,240.99,1,1,0.88684
87,1,509.57,439.69,171.94,238.49,1,1,0.88222
87,6,242.4,426.1,157.77,272.11,1,1,0.88906
87,7,132.91,48.68,121.52,211.45,1,1,0.88009
87,9,847.14,239.66,172.61,238.2,1,1,0.86261
87,10,783.29,615.31,172.14,260.09,1,1,0.88984
87,11,1504.0,406.91,161.66,249.9,1,1,0.88787
87,15,665.28,629.2,129.49,313.4,1,1,0.8748
87,5,-13.98,441.68,115.45,255.65,1,1,0.8857
87,12,55.48,230.33,122.74,246.15,1,1,0.86204
87,21,621.31,240.31,158.67,193.39,1,1,0.89706
87,2,632.85,413.86,160.1,233.82,1,1,0.88896
87,3,845.99,174.0,189.83,210.51,1,1,0.87523
87,24,1598.89,155.47,167.9,202.68,1,1,0.90918
87,28,377.1,359.49,114.71,158.82,1,1,0.73769
87,29,1824.3,52.07,86.64,207.35,1,1,0.89488
87,26,362.84,415.39,118.24,240.84,1,1,0.73921
88,0,-8.57,218.81,39.19,248.77,1,1,0.74708
88,1,488.52,444.9,152.57,237.59,1,1,0.88681
88,6,187.65,428.73,168.1,271.88,1,1,0.89403
88,7,85.35,46.08,123.29,204.37,1,1,0.89655
88,9,806.3,239.2,166.64,239.52,1,1,0.8726
88,10,733.57,621.62,170.82,267.46,1,1,0.89622
88,11,1475.04,404.83,165.16,231.41,1,1,0.89624
88,15,638.14,640.88,119.2,325.9,1,1,0.854
88,5,-9.73,442.3,51.19,262.36,1,1,0.81165
88,12,11.44,229.57,131.49,246.45,1,1,0.88156
88,21,562.9,242.7,162.28,195.91,1,1,0.90124
88,2,592.7,416.75,163.89,241.51,1,1,0.89939
88,3,795.14,176.49,202.53,208.22,1,1,0.88094
88,24,1539.7,153.99,182.71,197.22,1,1,0.90799
88,28,333.76,361.85,112.71,135.62,1,1,0.7504
88,29,1771.13,55.59,116.75,188.17,1,1,0.89778
88,26,322.34,418.5,105.92,224.19,1,1,0.76659
89,1,441.65,449.42,155.27,236.2,1,1,0.88554
89,6,126.09,430.26,175.87,275.42,1,1,0.89634
89,7,31.59,42.05,119.83,211.89,1,1,0.87065
89,9,760.92,240.96,162.51,229.13,1,1,0.88825
89,10,687.28,630.02,165.71,273.64,1,1,0.88842
89,11,1443.95,402.27,163.07,234.55,1,1,0.88749
89,15,591.78,654.55,123.97,318.34,1,1,0.86871
89,12,-10.16,225.1,102.4,251.02,1,1,0.88503
89,21,496.69,241.29,169.37,203.98,1,1,0.90359
89,2,555.77,419.46,160.31,251.79,1,1,0.89033
89,3,742.53,176.49,208.24,204.03,1,1,0.86697
89,24,1475.62,149.22,196.4,201.41,1,1,0.91077
89,28,305.35,363.77,107.32,181.5,1,1,0.80574
89,29,1707.42,57.68,132.11,178.68,1,1,0.89857
89,26,272.38,425.06,94.36,212.04,1,1,0.81663
90,1,379.13,452.64,173.02,239.92,1,1,0.8861
90,6,61.94,430.72,181.31,278.07,1,1,0.88351
90,7,-7.41,39.43,98.54,226.78,1,1,0.86477
90,9,706.48,241.68,158.46,223.09,1,1,0.87729
90,10,632.38,637.37,167.73,283.5,1,1,0.87227
90,11,1419.5,400.28,144.94,248.42,1,1,0.86765
90,15,531.28,663.88,134.68,313.06,1,1,0.86133
90,21,426.94,237.16,180.12,212.78,1,1,0.90408
90,2,513.12,423.19,157.81,256.24,1,1,0.87895
90,3,690.38,176.65,206.88,200.94,1,1,0.86098
90,24,1406.85,141.79,207.49,206.95,1,1,0.90078
90,28,258.19,364.18,105.15,204.34,1,1,0.81449
90,29,1636.9,57.74,135.82,178.16,1,1,0.87847
90,26,217.89,431.08,92.57,199.5,1,1,0.76802
91,1,309.7,453.4,187.16,243.83,1,1,0.8996
91,6,0.17,432.85,174.25,277.53,1,1,0.90346
91,9,644.51,241.86,159.76,220.41,1,1,0.88271
91,10,583.81,647.09,158.7,282.82,1,1,0.8828
91,11,1396.19,401.85,131.73,246.16,1,1,0.88817
91,15,467.59,670.62,151.63,309.91,1,1,0.88096
91,21,363.07,232.78,186.11,215.64,1,1,0.90071
91,2,466.25,426.67,159.38,256.61,1,1,0.89103
91,3,701.25,178.23,138.58,189.4,1,1,0.83515
91,24,1336.55,134.75,217.25,209.73,1,1,0.91013
91,28,206.64,363.74,96.27,209.82,1,1,0.82805
91,29,1563.5,56.91,134.52,186.86,1,1,0.89656
91,26,155.54,429.67,95.92,202.83,1,1,0.81906
92,1,242.41,451.51,201.48,248.77,1,1,0.89289
92,6,-22.46,434.8,139.68,256.37,1,1,0.89046
92,9,580.36,243.12,158.24,222.19,1,1,0.87005
92,10,530.28,657.15,156.28,279.03,1,1,0.87786
92,11,1347.57,400.67,142.7,245.16,1,1,0.89609
92,15,401.13,677.4,166.92,314.13,1,1,0.8847
92,21,298.36,228.74,192.38,217.7,1,1,0.90115
92,2,417.12,428.9,161.75,251.55,1,1,0.88631
92,3,677.82,180.45,105.44,183.2,1,1,0.85559
92,24,1269.45,127.8,220.71,212.39,1,1,0.90344
92,28,151.08,364.72,92.71,207.65,1,1,0.82998
92,29,1489.37,54.82,134.3,194.52,1,1,0.89435
92,26,92.16,432.46,102.0,205.29,1,1,0.82283
93,1,182.02,448.49,213.65,253.76,1,1,0.90181
93,6,-24.24,440.49,72.45,252.39,1,1,0.7257
93,9,515.2,245.46,165.32,221.32,1,1,0.87213
93,10,478.84,665.0,150.31,274.94,1,1,0.88746
93,11,1290.74,397.15,162.4,240.3,1,1,0.90353
93,15,337.89,680.46,172.46,319.07,1,1,0.87952
93,21,236.04,224.88,193.25,217.71,1,1,0.89687
93,2,372.44,428.76,157.67,246.81,1,1,0.87812
93,3,624.7,181.8,104.36,178.01,1,1,0.78998
93,24,1208.06,121.62,213.31,210.2,1,1,0.8922
93,28,96.3,365.72,93.24,210.16,1,1,0.67645
93,29,1416.36,53.59,133.2,192.82,1,1,0.88813
93,26,29.24,430.71,104.97,224.27,1,1,0.80241
94,1,130.29,445.21,213.02,260.46,1,1,0.90326
94,9,452.21,245.6,162.96,223.11,1,1,0.8637
94,10,426.89,672.29,151.04,266.87,1,1,0.87457
94,11,1241.32,392.42,174.48,239.56,1,1,0.91367
94,15,282.46,682.92,178.28,315.89,1,1,0.88664
94,21,176.85,221.6,188.23,216.05,1,1,0.89291
94,2,313.65,427.81,166.2,250.75,1,1,0.88397
94,3,562.8,184.38,120.87,177.44,1,1,0.84919
94,24,1141.97,117.02,210.47,199.65,1,1,0.90271
94,28,34.48,367.64,105.75,216.52,1,1,0.81879
94,29,1346.41,53.46,134.43,192.28,1,1,0.88689
94,26,-10.05,431.72,85.81,237.49,1,1,0.83609
95,1,87.14,443.64,204.64,263.99,1,1,0.90321
95,9,391.47,240.22,160.75,232.12,1,1,0.88083
95,10,384.27,676.76,152.54,259.28,1,1,0.86334
95,11,1201.92,388.08,181.45,243.77,1,1,0.9194
95,15,234.42,684.09,177.8,312.98,1,1,0.87747
95,21,120.47,220.57,182.15,207.76,1,1,0.90494
95,2,265.06,428.58,167.08,252.22,1,1,0.89748
95,3,507.89,182.26,130.08,196.15,1,1,0.87058
95,24,1077.42,111.32,191.16,198.64,1,1,0.92348
95,28,-4.86,370.35,99.79,245.24,1,1,0.86251
95,29,1273.56,54.75,145.69,179.05,1,1,0.89992
96,1,53.45,445.13,190.09,270.63,1,1,0.88453
96,9,334.62,235.51,163.05,241.34,1,1,0.89146
96,10,324.1,678.61,180.02,266.55,1,1,0.89563
96,11,1173.78,382.9,178.0,248.85,1,1,0.9073
96,15,194.37,683.01,163.82,318.45,1,1,0.87441
96,21,59.89,217.42,185.97,209.03,1,1,0.89208
96,2,215.55,428.53,171.9,253.37,1,1,0.90354
96,3,464.54,180.09,126.79,203.75,1,1,0.8671
96,24,1019.86,102.1,174.25,200.37,1,1,0.91277
96,28,-15.82,370.15,66.8,252.74,1,1,0.80689
96,29,1205.73,54.16,155.0,173.69,1,1,0.8931
97,1,26.23,449.77,179.07,265.08,1,1,0.89651
97,9,288.5,233.84,160.79,238.73,1,1,0.88778
97,10,277.98,683.36,195.72,280.84,1,1,0.91154
97,11,1159.83,381.6,171.96,254.12,1,1,0.91447
97,15,165.26,679.94,146.55,323.51,1,1,0.88
97,21,2.73,215.46,191.49,209.37,1,1,0.90846
97,2,174.77,429.57,177.98,255.42,1,1,0.89311
97,3,419.69,179.41,127.14,211.32,1,1,0.88888
97,24,973.74,94.02,156.18,206.43,1,1,0.91926
97,29,1146.26,53.81,165.74,173.03,1,1,0.90976
98,1,3.72,453.91,171.25,257.41,1,1,0.8849
98,9,251.09,235.58,151.16,224.86,1,1,0.89036
98,10,245.16,688.09,201.26,291.38,1,1,0.899
98,11,1145.11,379.81,171.81,261.45,1,1,0.91129
98,15,133.26,678.74,141.58,328.53,1,1,0.87569
98,21,-16.09,213.37,164.5,207.53,1,1,0.90322
98,2,142.83,432.56,176.53,261.25,1,1,0.8986
98,3,374.73,179.56,132.74,214.02,1,1,0.88417
98,24,937.99,86.47,137.85,209.95,1,1,0.91958
98,29,1091.07,52.53,179.84,175.12,1,1,0.91467
99,1,-8.3,457.02,150.13,255.95,1,1,0.89598
99,9,220.29,236.97,146.22,222.31,1,1,0.85955
99,10,211.53,694.22,204.92,303.01,1,1,0.89032
99,11,1128.19,378.05,167.76,265.8,1,1,0.88931
99,15,97.76,678.28,146.76,336.38,1,1,0.84397
99,21,-18.18,210.32,127.68,212.73,1,1,0.87206
99,2,115.1,436.83,174.55,264.95,1,1,0.87344
99,3,337.66,180.61,134.4,213.87,1,1,0.86732
99,24,904.74,80.54,125.18,215.77,1,1,0.89511
99,29,1040.04,50.9,191.41,179.4,1,1,0.90763
100,1,-9.9,456.82,117.53,247.96,1,1,0.90073
100,9,181.07,237.81,147.18,226.83,1,1,0.8707
100,10,188.44,703.19,191.77,301.7,1,1,0.8857
100,11,1105.76,378.23,169.13,253.9,1,1,0.88892
100,15,64.92,679.29,142.33,334.57,1,1,0.85711
100,21,-14.08,207.07,79.08,226.56,1,1,0.82517
100,2,94.44,438.58,170.7,254.92,1,1,0.87068
100,3,300.96,182.87,139.23,208.68,1,1,0.86475
100,24,860.47,76.48,127.13,212.7,1,1,0.89591
100,29,991.43,49.16,199.99,174.95,1,1,0.91338
101,1,-6.87,456.12,79.23,253.13,1,1,0.85777
101,9,132.9,236.7,163.91,239.63,1,1,0.88343
101,10,176.23,713.57,171.6,294.9,1,1,0.88098
101,11,1093.11,376.72,162.16,251.29,1,1,0.87818
101,15,33.8,680.99,135.62,333.85,1,1,0.85138
101,2,84.09,440.2,166.61,255.05,1,1,0.86734
101,3,268.42,182.94,147.32,197.75,1,1,0.84785
101,24,813.67,73.8,136.8,216.85,1,1,0.89444
101,29,946.85,48.61,205.8,174.51,1,1,0.892
102,1,-3.6,456.19,41.49,272.86,1,1,0.77907
102,9,83.81,235.55,178.82,246.71,1,1,0.87794
102,10,148.14,723.26,176.5,293.8,1,1,0.88326
102,11,1072.36,375.58,165.41,259.72,1,1,0.85907
102,15,5.35,683.32,126.84,336.06,1,1,0.84642
102,2,55.4,439.67,176.06,255.24,1,1,0.86732
102,3,233.93,181.77,155.58,199.53,1,1,0.86235
102,24,763.39,70.7,154.22,217.25,1,1,0.88032
102,29,909.14,48.7,205.42,174.26,1,1,0.87227
103,9,37.88,233.24,188.24,252.15,1,1,0.88334
103,10,112.7,729.95,192.4,288.48,1,1,0.89701
103,11,1059.49,375.38,160.28,268.14,1,1,0.86252
103,15,-5.74,693.03,105.16,333.51,1,1,0.85247
103,2,18.96,438.8,191.87,260.46,1,1,0.88292
103,3,196.39,183.33,166.03,205.03,1,1,0.86516
103,24,717.62,70.35,164.91,215.53,1,1,0.88981
103,29,878.52,51.18,194.21,173.12,1,1,0.88875
104,9,1.86,231.23,192.11,254.85,1,1,0.88632
104,10,74.68,733.98,209.56,284.21,1,1,0.89784
104,11,1032.71,372.47,169.79,275.24,1,1,0.84965
104,15,-6.62,700.63,77.09,331.41,1,1,0.82396
104,2,-0.02,437.83,187.01,257.0,1,1,0.89286
104,3,166.58,182.76,173.28,211.07,1,1,0.84993
104,24,679.1,68.72,171.44,220.49,1,1,0.86528
104,29,852.38,51.35,176.49,172.41,1,1,0.86968
105,9,-10.63,231.81,171.71,249.42,1,1,0.8701
105,10,44.01,737.45,220.05,285.78,1,1,0.89659
105,11,997.29,370.47,183.96,277.85,1,1,0.86501
105,15,-4.37,707.61,48.07,339.79,1,1,0.78338
105,2,-6.04,438.92,165.73,258.72,1,1,0.88303
105,3,132.32,181.87,185.93,223.39,1,1,0.84461
105,24,652.22,65.58,165.7,226.78,1,1,0.8492
105,29,812.47,50.84,172.11,182.78,1,1,0.8748
106,9,-13.08,233.29,142.12,253.96,1,1,0.86049
106,10,14.98,739.82,234.74,293.04,1,1,0.8821
106,11,965.63,370.51,196.39,280.86,1,1,0.87417
106,2,-7.18,440.6,138.67,265.82,1,1,0.86578
106,3,99.65,183.41,192.52,234.03,1,1,0.87163
106,24,626.01,61.18,153.03,233.04,1,1,0.84779
106,29,768.24,50.78,180.75,200.08,1,1,0.86263
107,9,-12.46,236.13,103.72,260.87,1,1,0.86024
107,10,-4.45,743.43,225.0,296.7,1,1,0.89389
107,11,944.52,372.31,198.94,264.03,1,1,0.8768
107,2,-6.99,444.01,111.52,278.58,1,1,0.83979
107,3,80.96,187.64,183.15,246.11,1,1,0.86027
107,24,596.26,57.98,143.09,223.28,1,1,0.86102
107,29,724.99,53.22,186.41,205.54,1,1,0.87654
108,9,-8.99,239.6,65.29,252.77,1,1,0.78925
108,10,-11.05,751.42,211.43,295.85,1,1,0.86358
108,11,930.97,369.66,189.2,277.06,1,1,0.86324
108,2,-5.82,442.9,86.87,284.2,1,1,0.83355
108,3,70.64,190.69,170.63,245.61,1,1,0.85582
108,24,561.69,51.13,136.66,224.9,1,1,0.85541
108,29,685.95,53.41,193.12,215.78,1,1,0.86818
109,9,-4.36,242.01,30.58,258.17,1,1,0.70635
109,10,-12.43,755.03,188.13,288.07,1,1,0.84738
109,11,925.96,369.14,175.74,290.23,1,1,0.86189
109,2,-4.16,440.26,67.05,298.3,1,1,0.7996
109,3,43.89,189.55,181.53,247.88,1,1,0.86518
109,24,528.29,45.16,129.64,226.86,1,1,0.85401
109,29,650.87,54.02,187.71,222.31,1,1,0.87513
110,10,-10.35,764.36,163.67,289.91,1,1,0.84717
110,11,926.31,372.82,158.13,288.43,1,1,0.85474
110,2,-2.13,445.27,40.46,301.9,1,1,0.75083
110,3,8.08,189.16,196.93,248.86,1,1,0.86766
110,24,489.09,38.09,131.95,232.05,1,1,0.85056
110,29,627.14,57.24,168.06,218.91,1,1,0.87549
111,10,-7.04,770.7,145.63,287.4,1,1,0.84057
111,11,902.8,372.73,164.54,279.97,1,1,0.87432
111,3,-5.04,190.51,184.14,244.08,1,1,0.87595
111,24,456.79,34.16,130.22,233.54,1,1,0.85291
111,29,612.02,61.57,146.82,215.97,1,1,0.87451
112,10,-4.84,769.57,134.02,284.26,1,1,0.84328
112,11,876.96,369.42,179.5,281.07,1,1,0.86459
112,3,-8.27,193.36,166.86,239.68,1,1,0.87125
112,24,424.29,30.57,129.64,231.15,1,1,0.83236
112,29,579.99,66.72,151.58,215.36,1,1,0.85495
113,10,-3.19,775.76,124.73,275.09,1,1,0.87254
113,11,862.47,370.07,184.24,261.4,1,1,0.88067
113,3,-7.97,197.95,141.2,241.15,1,1,0.89987
113,24,389.96,31.42,128.21,222.28,1,1,0.84381
113,29,543.48,75.18,166.14,214.04,1,1,0.87508
114,10,-2.61,777.37,117.69,287.94,1,1,0.85673
114,11,856.46,372.21,181.73,254.02,1,1,0.88641
114,3,-6.84,201.01,118.63,245.58,1,1,0.88882
114,24,351.56,30.16,133.93,220.02,1,1,0.85517
114,29,503.87,76.99,182.33,214.45,1,1,0.87864
115,10,-1.78,778.0,109.62,297.27,1,1,0.86215
115,11,860.84,372.42,167.9,268.17,1,1,0.86904
115,3,-5.31,203.69,102.78,252.16,1,1,0.86141
115,24,312.27,26.94,142.29,221.86,1,1,0.86728
115,29,470.71,79.36,196.29,217.53,1,1,0.87218
116,10,-1.78,783.18,85.98,296.37,1,1,0.84916
116,11,866.77,378.71,150.88,273.96,1,1,0.85576
116,3,-4.41,205.11,95.91,260.76,1,1,0.85192
116,24,275.16,24.25,150.05,222.82,1,1,0.88646
116,29,445.73,82.27,194.98,214.95,1,1,0.89425
117,10,-0.62,786.52,66.94,294.07,1,1,0.86311
117,11,865.67,380.7,141.84,275.05,1,1,0.87168
117,3,-2.97,205.74,88.18,264.85,1,1,0.83655
117,24,243.41,21.73,154.87,211.92,1,1,0.89668
117,29,434.46,85.12,183.21,214.45,1,1,0.90601
118,10,-0.82,785.14,61.43,295.56,1,1,0.85673
118,11,854.27,382.06,147.68,271.49,1,1,0.88439
118,3,-2.9,204.63,78.4,248.61,1,1,0.85193
118,24,218.25,18.24,154.49,204.53,1,1,0.89787
118,29,432.64,86.06,168.22,215.04,1,1,0.90051
119,10,-0.65,782.36,65.32,298.35,1,1,0.84631
119,11,849.6,380.0,164.23,267.1,1,1,0.89201
119,3,-2.14,204.52,72.76,241.01,1,1,0.85331
119,24,202.48,15.33,149.43,202.75,1,1,0.88758
119,29,438.7,89.62,154.18,212.52,1,1,0.88488
120,10,1.29,774.71,70.58,305.85,1,1,0.80564
120,11,858.33,376.63,164.47,255.27,1,1,0.88228
120,3,0.0,204.48,77.98,249.55,1,1,0.85268
120,24,194.37,13.46,143.48,204.92,1,1,0.87565
120,29,430.89,93.2,162.69,209.97,1,1,0.8935
121,10,3.76,774.92,78.73,303.91,1,1,0.81474
121,11,873.8,376.13,149.18,252.38,1,1,0.86897
121,3,2.64,205.84,77.0,259.5,1,1,0.84318
121,24,189.07,11.67,141.09,207.19,1,1,0.88225
121,29,416.11,94.18,182.59,214.89,1,1,0.89916
122,10,6.13,774.56,87.64,299.07,1,1,0.84263
122,11,900.38,379.46,125.4,256.81,1,1,0.85435
122,3,4.4,206.75,77.21,264.38,1,1,0.84544
122,24,177.91,11.27,143.2,206.47,1,1,0.90268
122,29,404.64,96.73,196.54,215.72,1,1,0.90582
123,10,6.28,775.31,105.68,300.0,1,1,0.88681
123,11,908.42,381.61,120.77,259.58,1,1,0.86462
123,3,4.23,208.68,87.19,258.94,1,1,0.86067
123,24,163.21,11.35,149.38,207.74,1,1,0.91443
123,29,398.65,100.6,199.23,222.9,1,1,0.89248
124,10,6.0,773.76,116.18,305.39,1,1,0.8946
124,11,895.75,381.2,149.97,261.43,1,1,0.88036
124,3,4.01,211.16,102.57,264.54,1,1,0.85423
124,24,150.45,10.63,155.33,213.94,1,1,0.90243
124,29,400.76,104.77,197.86,235.33,1,1,0.88639
125,10,5.82,775.25,114.67,305.26,1,1,0.88223
125,11,892.45,375.24,170.12,262.04,1,1,0.87645
125,3,4.22,217.07,101.01,244.41,1,1,0.86081
125,24,141.86,10.03,156.93,219.82,1,1,0.88142
125,29,415.47,108.7,177.96,240.51,1,1,0.87923
126,10,6.17,781.95,112.92,298.68,1,1,0.86271
126,11,903.86,371.31,173.7,248.51,1,1,0.88449
126,3,4.79,220.35,103.62,231.75,1,1,0.88919
126,24,141.01,10.19,154.23,213.88,1,1,0.86472
126,29,436.85,114.57,157.0,235.76,1,1,0.85112
127,10,5.66,791.34,115.94,289.47,1,1,0.88125
127,11,917.88,372.11,165.96,245.22,1,1,0.89262
127,3,4.6,221.96,114.41,240.18,1,1,0.88598
127,24,147.77,14.17,140.13,200.03,1,1,0.87868
127,29,438.25,121.05,163.78,231.77,1,1,0.88332
128,10,5.15,795.88,116.52,284.61,1,1,0.87623
128,11,930.58,372.82,147.67,257.12,1,1,0.87923
128,3,4.14,223.13,116.99,245.6,1,1,0.89587
128,24,138.92,19.43,143.55,194.36,1,1,0.89446
128,29,428.14,126.1,177.17,232.65,1,1,0.89784
129,10,4.3,798.06,121.21,281.56,1,1,0.87691
129,11,928.45,373.41,141.37,259.3,1,1,0.87936
129,3,3.44,227.0,108.67,251.1,1,1,0.88662
129,24,122.67,22.82,157.33,193.36,1,1,0.89653
129,29,419.52,130.24,185.59,230.67,1,1,0.89882
130,10,3.12,796.04,126.64,278.62,1,1,0.85884
130,11,921.11,372.07,144.37,259.83,1,1,0.88973
130,3,2.24,231.39,109.87,257.44,1,1,0.88781
130,24,105.49,24.43,170.3,192.54,1,1,0.90164
130,29,412.62,133.94,192.47,227.0,1,1,0.90669
131,10,1.44,795.59,130.31,274.48,1,1,0.84078
131,11,918.1,371.36,153.46,257.03,1,1,0.90022
131,3,0.69,234.29,117.1,258.13,1,1,0.8857
131,24,95.91,26.15,169.46,182.29,1,1,0.89273
131,29,413.89,139.15,183.83,228.12,1,1,0.90965
132,10,0.74,793.98,137.62,279.67,1,1,0.87653
132,11,922.3,368.79,162.3,240.78,1,1,0.91086
132,3,0.15,234.19,120.34,257.52,1,1,0.87141
132,24,94.32,26.85,158.8,177.85,1,1,0.88766
132,29,425.83,142.3,165.54,233.7,1,1,0.90381
133,10,-0.09,789.98,137.77,287.67,1,1,0.86975
133,11,929.46,366.58,160.83,234.62,1,1,0.90729
133,3,-0.76,235.49,119.72,239.47,1,1,0.8967
133,24,98.09,29.45,143.6,180.6,1,1,0.85681
133,29,441.33,148.11,145.46,231.9,1,1,0.87699
134,10,-1.12,792.65,127.15,286.74,1,1,0.89816
134,11,938.58,366.5,146.46,234.16,1,1,0.92614
134,3,-1.79,237.46,122.48,233.18,1,1,0.91616
134,24,99.88,30.73,132.07,180.26,1,1,0.89577
134,29,444.2,154.7,142.07,229.19,1,1,0.90057
135,10,-1.21,797.36,116.11,282.4,1,1,0.88188
135,11,940.56,366.29,129.21,246.41,1,1,0.89811
135,3,-1.83,238.7,125.94,238.12,1,1,0.90906
135,24,85.03,32.39,141.48,176.73,1,1,0.89452
135,29,429.87,156.59,154.29,232.66,1,1,0.89656
136,10,-2.71,800.67,111.74,279.46,1,1,0.8657
136,11,935.64,366.5,118.42,252.86,1,1,0.8949
136,3,-3.55,241.67,120.13,250.66,1,1,0.89997
136,24,60.46,32.33,158.95,183.85,1,1,0.88969
136,29,408.41,156.87,173.63,241.05,1,1,0.89705
137,10,-4.84,800.76,99.12,278.91,1,1,0.85291
137,11,926.71,362.95,114.15,258.73,1,1,0.86622
137,3,-5.59,245.63,112.0,260.24,1,1,0.88044
137,24,38.75,32.79,166.56,192.4,1,1,0.88692
137,29,390.09,158.09,191.83,239.19,1,1,0.88302
138,10,-6.09,788.16,81.73,291.7,1,1,0.8366
138,11,911.16,360.6,131.6,261.89,1,1,0.87686
138,3,-7.23,250.03,112.2,262.26,1,1,0.88905
138,24,25.27,36.01,167.05,202.99,1,1,0.8897
138,29,381.21,161.3,194.51,237.86,1,1,0.89475
139,10,-5.19,769.89,70.14,310.18,1,1,0.81021
139,11,899.2,360.58,142.23,242.71,1,1,0.89602
139,3,-7.46,253.97,111.05,261.72,1,1,0.90345
139,24,26.51,40.06,154.69,201.82,1,1,0.88346
139,29,383.62,164.36,176.9,241.64,1,1,0.89783
140,10,-4.03,763.11,59.4,313.88,1,1,0.77818
140,11,893.1,357.61,145.86,217.99,1,1,0.92079
140,3,-6.75,254.91,104.42,256.65,1,1,0.87548
140,24,38.72,43.84,136.55,193.5,1,1,0.85481
140,29,393.72,167.75,151.71,242.75,1,1,0.88133
141,10,-2.44,769.99,56.74,308.86,1,1,0.79742
141,11,894.4,356.34,143.7,214.19,1,1,0.923
141,3,-5.07,257.64,101.28,238.37,1,1,0.89991
141,24,47.67,50.24,129.25,179.15,1,1,0.88746
141,29,411.79,172.06,133.76,245.54,1,1,0.87161
141,31,1842.21,2.9,71.75,189.19,1,1,0.67149
142,10,-1.85,787.92,54.47,291.54,1,1,0.75762
142,11,891.69,354.82,141.04,224.41,1,1,0.93056
142,3,-4.16,258.47,109.8,240.06,1,1,0.90418
142,24,33.38,52.56,145.65,177.49,1,1,0.90498
142,29,408.95,173.81,139.69,245.31,1,1,0.89827
143,10,-0.73,812.75,49.32,266.71,1,1,0.69536
143,11,888.9,353.82,133.07,239.61,1,1,0.89076
143,3,-2.77,259.26,116.24,241.48,1,1,0.90687
143,24,18.46,53.75,161.53,179.88,1,1,0.8801
143,29,401.17,172.75,151.41,249.34,1,1,0.89633
143,31,1761.73,2.36,131.95,192.45,1,1,0.66142
144,11,884.11,354.31,126.04,260.17,1,1,0.88172
144,3,-1.93,262.77,114.02,244.01,1,1,0.90717
144,24,11.01,57.44,172.32,183.22,1,1,0.89248
144,29,397.51,173.94,155.82,241.67,1,1,0.90431
145,11,881.4,352.61,125.62,265.77,1,1,0.90074
145,3,-0.34,267.46,108.88,255.16,1,1,0.90551
145,24,14.13,61.51,175.28,180.86,1,1,0.89969
145,29,402.85,175.74,150.92,236.63,1,1,0.91085
146,11,879.24,349.72,132.22,271.92,1,1,0.90462
146,3,1.31,272.11,109.24,261.02,1,1,0.88553
146,24,26.87,64.19,162.91,189.34,1,1,0.89489
146,29,414.04,178.8,141.27,256.36,1,1,0.88988
147,11,880.29,349.55,135.37,256.61,1,1,0.88699
147,3,3.84,276.72,116.15,258.12,1,1,0.89573
147,24,53.84,70.24,133.37,193.54,1,1,0.87376
147,29,436.22,186.0,118.3,253.57,1,1,0.86653
147,31,1676.86,1.26,135.89,210.5,1,1,0.70394
148,11,881.04,349.42,136.67,264.86,1,1,0.89467
148,3,3.02,280.68,130.75,258.21,1,1,0.93207
148,24,79.67,76.23,110.96,190.66,1,1,0.85671
148,29,456.92,194.9,112.27,249.7,1,1,0.87383
149,11,882.13,349.16,133.41,266.01,1,1,0.87962
149,3,2.71,282.71,149.92,258.08,1,1,0.90635
149,24,88.9,79.87,111.44,191.4,1,1,0.87379
149,29,455.97,201.07,131.24,244.57,1,1,0.90245
150,11,887.36,352.78,121.32,265.58,1,1,0.91745
150,3,3.3,286.8,171.77,244.8,1,1,0.93512
150,24,88.02,87.0,123.32,185.69,1,1,0.9025
150,29,452.96,207.03,143.51,241.77,1,1,0.9252
151,11,891.5,354.41,111.59,269.39,1,1,0.9256
151,3,13.06,292.22,180.7,243.51,1,1,0.92741
151,24,88.03,93.72,140.07,185.57,1,1,0.89315
151,29,452.11,212.36,158.28,241.9,1,1,0.91644
152,11,895.04,353.95,106.09,269.47,1,1,0.9338
152,3,35.45,299.67,166.9,241.08,1,1,0.92819
152,24,95.32,101.46,153.18,182.12,1,1,0.90866
152,29,459.5,219.12,161.3,234.51,1,1,0.9298
153,11,897.06,354.02,112.24,263.17,1,1,0.93662
153,3,61.12,307.97,144.86,250.88,1,1,0.91516
153,24,109.94,109.33,150.69,192.22,1,1,0.91969
153,29,477.36,226.01,144.27,234.11,1,1,0.93415
154,11,900.21,352.52,116.92,245.41,1,1,0.92911
154,3,84.69,313.69,131.95,257.55,1,1,0.88662
154,24,136.66,118.24,125.22,207.36,1,1,0.87976
154,29,501.45,231.48,125.83,239.63,1,1,0.86644
155,11,903.87,353.05,119.49,228.88,1,1,0.91163
155,3,96.15,319.19,133.69,256.54,1,1,0.87531
155,24,171.79,129.63,102.07,194.1,1,1,0.84022
155,29,525.45,237.51,112.41,239.94,1,1,0.85694
156,11,908.56,353.33,121.66,218.75,1,1,0.89976
156,3,105.97,320.86,137.04,261.6,1,1,0.8777
156,24,188.32,139.23,108.51,189.72,1,1,0.84903
156,29,534.46,243.16,116.65,243.13,1,1,0.87803
157,11,913.45,354.03,118.8,214.47,1,1,0.89771
157,3,116.11,323.63,140.98,259.38,1,1,0.88593
157,24,188.5,147.35,125.52,183.66,1,1,0.88635
157,29,540.59,248.01,124.89,244.01,1,1,0.87633
158,11,915.81,357.88,119.85,220.62,1,1,0.86738
158,3,126.26,327.95,158.61,244.88,1,1,0.89691
158,24,188.65,155.69,154.29,184.84,1,1,0.89365
158,29,551.39,253.18,132.65,238.21,1,1,0.87755
159,11,915.19,360.2,119.06,258.51,1,1,0.88013
159,3,141.19,330.72,163.78,237.58,1,1,0.89977
159,24,194.05,162.37,175.97,185.77,1,1,0.8927
159,29,569.03,256.61,132.58,237.96,1,1,0.87605
160,11,912.66,364.52,118.24,269.34,1,1,0.88865
160,3,159.29,333.92,147.38,238.14,1,1,0.89256
160,24,208.27,168.95,178.83,187.56,1,1,0.89545
160,29,592.64,262.38,115.87,235.22,1,1,0.8736
161,11,909.03,368.6,121.21,268.26,1,1,0.8841
161,3,181.04,338.77,123.34,250.34,1,1,0.86509
161,24,231.88,176.93,162.23,188.42,1,1,0.89573
161,29,617.14,270.32,108.57,230.01,1,1,0.87076
162,11,904.35,371.44,126.15,264.24,1,1,0.87508
162,3,204.65,341.76,100.9,255.52,1,1,0.86623
162,24,261.93,183.9,127.24,190.65,1,1,0.86198
162,29,629.73,277.05,111.21,234.1,1,1,0.87683
162,33,-2.47,794.72,43.84,285.65,1,1,0.68658
163,11,903.7,374.15,130.08,261.69,1,1,0.87747
163,3,213.19,342.6,100.89,250.98,1,1,0.86714
163,24,283.06,189.22,105.37,199.17,1,1,0.84158
163,29,634.17,281.78,122.55,230.86,1,1,0.88459
163,33,-4.08,793.33,43.12,287.38,1,1,0.64929
164,11,909.41,379.18,133.29,236.41,1,1,0.86908
164,3,210.94,342.59,115.57,254.12,1,1,0.8826
164,24,303.0,195.8,92.4,197.11,1,1,0.84923
164,29,639.17,286.47,136.91,230.79,1,1,0.89728
165,11,909.64,382.8,141.66,222.23,1,1,0.89836
165,3,201.39,342.43,137.32,257.75,1,1,0.88586
165,24,311.4,201.21,100.01,204.23,1,1,0.83741
165,29,647.95,290.93,135.88,227.45,1,1,0.8967
166,11,908.16,384.52,147.01,231.62,1,1,0.88732
166,3,196.54,342.22,156.35,249.83,1,1,0.88714
166,24,319.68,208.19,111.89,194.17,1,1,0.85198
166,29,658.91,296.43,120.9,224.66,1,1,0.86918
167,11,905.59,385.93,152.94,229.21,1,1,0.88564
167,3,197.61,343.58,162.03,235.83,1,1,0.89765
167,24,329.32,215.5,123.3,199.06,1,1,0.87392
167,29,676.39,300.71,100.32,223.83,1,1,0.87002
168,11,899.94,387.12,153.27,217.91,1,1,0.90227
168,3,202.61,344.59,149.94,233.6,1,1,0.8895
168,24,336.6,221.22,129.97,201.21,1,1,0.88037
168,29,685.87,302.84,97.67,221.65,1,1,0.88017
169,11,893.76,386.35,149.68,229.82,1,1,0.90449
169,3,213.06,344.95,137.33,238.43,1,1,0.88084
169,24,330.74,227.74,131.14,199.06,1,1,0.87878
169,29,692.87,306.96,100.12,222.42,1,1,0.88827
170,11,891.25,385.2,144.6,234.05,1,1,0.90497
170,3,225.5,344.19,132.27,244.26,1,1,0.87655
170,24,325.38,233.49,140.93,197.98,1,1,0.89281
170,29,700.77,311.37,104.4,228.6,1,1,0.89494
171,11,884.63,384.0,144.52,236.59,1,1,0.9015
171,3,229.89,344.21,131.0,251.1,1,1,0.86665
171,24,325.17,239.65,152.05,199.1,1,1,0.89881
171,29,708.2,317.16,107.89,222.66,1,1,0.8731
172,11,878.0,382.21,148.97,237.59,1,1,0.90328
172,3,232.79,344.42,132.05,255.1,1,1,0.88312
172,24,331.31,244.06,155.83,201.5,1,1,0.90227
172,29,714.8,322.46,119.01,204.7,1,1,0.90079
173,11,870.39,380.39,153.71,237.58,1,1,0.90459
173,3,235.8,343.68,131.19,263.7,1,1,0.88143
173,24,341.13,247.8,152.55,205.36,1,1,0.90452
173,29,721.18,328.43,127.8,197.1,1,1,0.90442
174,11,865.34,378.99,159.25,235.57,1,1,0.90711
174,3,244.45,343.31,128.07,266.33,1,1,0.88011
174,24,350.31,250.77,135.58,205.86,1,1,0.89718
174,29,730.91,332.63,122.07,193.53,1,1,0.89848
174,35,1843.82,0.36,74.23,197.4,1,1,0.73566
175,11,856.12,378.88,168.95,225.87,1,1,0.88704
175,3,256.55,345.26,127.52,262.44,1,1,0.88221
175,24,356.83,253.47,126.45,212.5,1,1,0.89565
175,29,740.41,335.5,112.88,195.93,1,1,0.89475
175,35,1840.77,0.59,77.17,189.95,1,1,0.76896
176,11,851.35,378.8,173.14,216.7,1,1,0.89075
176,3,274.28,348.12,126.81,255.77,1,1,0.88692
176,24,365.91,255.12,132.62,214.55,1,1,0.88733
176,29,750.52,336.42,110.05,194.39,1,1,0.87286
176,35,1839.95,0.29,78.95,184.2,1,1,0.78679
177,11,843.65,377.93,176.98,215.71,1,1,0.88544
177,3,292.17,351.6,126.86,243.63,1,1,0.85566
177,24,374.1,257.82,141.98,214.07,1,1,0.89725
177,29,757.97,338.34,108.34,194.71,1,1,0.87106
177,35,1839.1,0.19,79.61,179.83,1,1,0.80579
178,11,831.85,373.58,183.36,218.65,1,1,0.89103
178,3,295.5,353.1,152.79,224.69,1,1,0.89549
178,24,382.65,259.1,136.95,219.7,1,1,0.89159
178,29,765.97,341.6,106.21,194.32,1,1,0.87256
178,35,1835.27,0.22,83.21,178.42,1,1,0.76115
179,11,834.05,365.03,174.03,223.67,1,1,0.88775
179,3,293.81,349.32,180.39,223.1,1,1,0.90097
179,24,390.57,260.97,131.6,215.36,1,1,0.87971
179,29,773.96,344.24,96.63,189.25,1,1,0.85592
179,35,1834.75,-0.15,84.07,178.32,1,1,0.70189
180,11,836.34,355.1,162.82,234.95,1,1,0.89251
180,3,291.37,345.17,200.62,226.88,1,1,0.90474
180,24,398.45,264.06,128.95,213.51,1,1,0.88694
180,29,779.89,347.22,91.05,183.42,1,1,0.85044
180,35,1830.88,0.03,87.58,180.07,1,1,0.64101
181,11,830.84,344.56,154.12,239.51,1,1,0.88316
181,3,295.6,340.86,207.43,234.72,1,1,0.91224
181,24,406.28,267.09,130.83,210.11,1,1,0.88841
181,29,784.25,348.08,85.57,168.39,1,1,0.81716
182,11,803.6,332.62,157.7,248.27,1,1,0.89954
182,3,308.06,336.77,198.09,243.73,1,1,0.89784
182,24,415.67,268.33,133.03,214.89,1,1,0.88717
183,11,790.28,321.81,149.83,262.66,1,1,0.82842
183,3,329.81,332.39,178.7,253.81,1,1,0.8682
183,24,426.53,268.54,127.95,219.87,1,1,0.87878
184,11,787.63,311.66,136.03,267.09,1,1,0.81975
184,3,366.17,329.96,152.37,250.2,1,1,0.8421
184,24,439.42,270.1,119.44,221.57,1,1,0.8657
185,11,789.09,302.58,121.74,274.25,1,1,0.82061
185,3,408.42,326.85,130.46,246.35,1,1,0.82279
185,24,452.44,271.4,110.55,221.89,1,1,0.83901
186,11,785.26,295.23,109.52,269.52,1,1,0.82897
186,3,443.23,323.85,116.73,272.58,1,1,0.79832
186,29,845.36,374.86,110.77,186.18,1,1,0.65162
187,11,777.56,289.72,107.56,263.34,1,1,0.84444
187,3,469.81,324.72,115.23,285.65,1,1,0.83675
187,29,852.95,383.8,116.5,183.98,1,1,0.81933
187,24,470.8,275.26,93.95,226.02,1,1,0.69213
188,11,770.98,285.46,103.09,262.11,1,1,0.86483
188,3,498.18,325.67,110.57,259.37,1,1,0.84602
188,29,858.85,390.97,113.07,180.57,1,1,0.82372
188,36,1.32,444.45,37.27,313.19,1,1,0.79664
188,24,481.44,280.4,86.07,199.49,1,1,0.81751
189,11,767.02,284.05,104.13,266.36,1,1,0.8827
189,3,520.67,327.29,114.56,255.31,1,1,0.85942
189,29,862.18,396.27,117.18,180.55,1,1,0.86354
189,36,2.31,425.04,46.29,293.36,1,1,0.81709
189,24,492.66,285.42,88.27,199.89,1,1,0.84549
190,11,763.45,287.07,111.07,266.17,1,1,0.88965
190,3,542.81,333.26,124.94,258.69,1,1,0.87704
190,29,853.84,400.84,139.68,176.67,1,1,0.79978
190,36,2.68,416.82,69.61,297.69,1,1,0.87068
190,24,506.39,291.5,93.64,209.75,1,1,0.86162
191,11,759.48,293.38,119.37,266.92,1,1,0.88018
191,3,565.5,338.22,131.46,265.89,1,1,0.86998
191,29,850.52,405.57,160.3,158.46,1,1,0.83801
191,36,3.07,413.75,87.45,325.61,1,1,0.88425
191,24,519.24,297.55,102.34,215.23,1,1,0.85427
192,11,759.84,302.46,121.8,264.2,1,1,0.88074
192,3,587.5,346.88,142.25,268.69,1,1,0.89011
192,29,854.49,411.79,176.4,160.72,1,1,0.87241
192,36,2.22,419.17,102.58,327.04,1,1,0.91672
192,24,529.43,304.39,115.34,223.64,1,1,0.8862
193,11,764.33,311.49,126.18,264.56,1,1,0.88336
193,3,611.15,349.84,149.61,269.28,1,1,0.90215
193,29,855.3,418.22,204.17,162.35,1,1,0.88671
193,36,2.2,425.29,118.22,319.65,1,1,0.9189
193,24,537.93,311.54,115.63,235.91,1,1,0.89941
194,11,766.89,320.35,128.69,263.76,1,1,0.87007
194,3,633.14,350.71,154.52,272.87,1,1,0.91083
194,29,856.46,426.93,236.44,159.11,1,1,0.89094
194,36,2.57,430.88,134.85,312.42,1,1,0.92725
194,24,547.73,319.35,120.25,244.26,1,1,0.90433
195,11,762.37,329.14,136.36,257.48,1,1,0.84476
195,3,653.26,350.33,159.6,278.67,1,1,0.90371
195,29,854.81,435.8,255.81,153.42,1,1,0.90059
195,36,2.44,432.77,141.83,301.5,1,1,0.9184
195,24,556.94,323.36,126.52,248.41,1,1,0.90363
196,11,764.72,339.93,128.59,239.07,1,1,0.77642
196,3,673.33,351.12,156.94,275.54,1,1,0.8815
196,29,851.73,447.33,257.16,154.28,1,1,0.8912
196,36,10.65,431.72,141.74,302.07,1,1,0.87486
196,24,568.0,326.71,136.77,254.22,1,1,0.88002
197,11,767.69,357.63,112.37,217.97,1,1,0.72787
197,3,696.43,355.49,145.24,266.89,1,1,0.87921
197,29,850.24,456.65,243.52,162.9,1,1,0.91915
197,36,21.39,431.55,140.95,303.24,1,1,0.89609
197,24,571.0,329.39,151.44,257.94,1,1,0.92027
197,37,1.16,528.71,72.94,312.39,1,1,0.86542
198,3,718.98,355.09,131.24,265.3,1,1,0.84405
198,29,845.52,462.32,244.5,166.72,1,1,0.92956
198,36,34.32,428.3,135.86,308.08,1,1,0.9078
198,24,569.23,328.65,173.54,267.74,1,1,0.93049
198,37,2.61,529.42,83.98,303.93,1,1,0.90128
198,38,1.61,427.47,61.99,201.01,1,1,0.75845
199,3,732.59,353.78,131.95,262.56,1,1,0.7966
199,29,836.22,468.22,255.32,168.17,1,1,0.9091
199,36,50.29,425.51,126.8,311.68,1,1,0.87824
199,24,572.9,332.68,180.39,271.76,1,1,0.88682
199,37,1.72,532.33,100.45,291.86,1,1,0.92559
199,38,1.8,430.07,81.01,174.43,1,1,0.75222
199,39,0.96,787.29,57.49,292.85,1,1,0.86827
200,3,748.85,354.21,128.1,250.46,1,1,0.72582
200,29,834.31,474.44,258.39,171.83,1,1,0.89812
200,36,61.14,425.1,124.23,311.56,1,1,0.8886
200,24,579.37,340.99,182.01,274.05,1,1,0.88407
200,37,1.06,538.1,111.63,293.88,1,1,0.91162
200,38,1.69,427.68,95.51,194.52,1,1,0.67485
200,39,1.28,795.29,54.85,285.9,1,1,0.88551
201,3,773.85,355.44,119.79,272.98,1,1,0.84763
201,29,839.13,487.53,248.27,167.59,1,1,0.87007
201,36,71.17,422.53,122.67,318.08,1,1,0.86735
201,24,594.99,350.2,167.64,283.84,1,1,0.86287
201,37,0.96,539.69,120.02,300.01,1,1,0.89662
201,39,0.47,795.09,56.17,285.21,1,1,0.89835
202,3,787.39,354.71,119.01,279.35,1,1,0.89238
202,29,854.63,507.82,222.14,154.06,1,1,0.85473
202,36,80.83,420.46,126.62,319.99,1,1,0.88446
202,24,613.24,357.73,165.93,289.56,1,1,0.8875
202,37,11.09,539.31,125.43,311.2,1,1,0.88806
202,39,1.3,792.68,61.36,286.58,1,1,0.92118
203,3,803.82,354.99,110.85,264.9,1,1,0.87238
203,29,812.21,515.31,245.25,154.77,1,1,0.90271
203,36,93.9,418.71,135.88,313.83,1,1,0.90709
203,24,635.05,365.97,165.04,288.47,1,1,0.93631
203,37,25.63,538.4,125.5,314.06,1,1,0.91946
203,39,0.38,789.75,69.58,289.44,1,1,0.71345
204,3,824.78,357.79,95.55,248.3,1,1,0.84216
204,29,806.88,528.01,222.81,148.58,1,1,0.85388
204,36,109.53,416.87,141.51,313.92,1,1,0.86098
204,24,665.13,376.08,129.21,284.15,1,1,0.91519
204,37,40.83,534.97,123.11,318.65,1,1,0.8879
204,39,-0.74,789.16,78.45,289.96,1,1,0.93664
205,3,843.54,359.9,94.11,234.96,1,1,0.81871
205,29,806.58,519.38,187.24,164.38,1,1,0.80277
205,36,128.16,412.38,154.6,307.64,1,1,0.86899
205,24,694.58,382.85,104.86,276.72,1,1,0.86571
205,37,54.89,529.41,121.54,313.59,1,1,0.89758
205,39,-0.61,789.1,88.04,289.4,1,1,0.93682
206,3,853.93,364.98,107.4,243.35,1,1,0.80468
206,36,143.32,408.32,171.55,297.66,1,1,0.91145
206,24,708.05,389.45,104.02,274.15,1,1,0.90723
206,37,68.48,523.33,120.43,315.37,1,1,0.92089
206,39,-0.52,790.95,95.41,287.36,1,1,0.94998
207,3,869.95,371.39,114.64,231.9,1,1,0.82638
207,36,160.67,404.99,178.35,295.93,1,1,0.91006
207,24,705.58,394.8,125.29,273.57,1,1,0.90441
207,37,79.12,519.91,122.82,321.49,1,1,0.92176
207,39,-0.5,791.48,107.05,286.66,1,1,0.95315
208,3,882.63,377.77,123.34,203.4,1,1,0.82521
208,36,182.23,400.73,174.83,297.83,1,1,0.93142
208,24,705.72,398.91,146.94,277.27,1,1,0.93465
208,37,87.43,515.41,129.92,312.67,1,1,0.93926
208,39,-0.48,787.37,120.28,290.2,1,1,0.95746
208,29,831.07,515.32,124.82,188.76,1,1,0.8457
209,3,896.35,382.69,128.55,203.36,1,1,0.82845
209,36,200.83,397.09,171.19,301.4,1,1,0.92346
209,24,712.86,403.67,161.41,273.05,1,1,0.94613
209,37,92.79,510.53,140.57,302.62,1,1,0.94601
209,39,1.64,779.42,128.4,297.52,1,1,0.94675
209,29,831.58,512.86,119.37,186.58,1,1,0.8995
210,3,908.54,385.97,131.46,221.62,1,1,0.89891
210,36,216.99,400.03,167.88,302.55,1,1,0.92822
210,24,724.08,409.74,168.78,266.86,1,1,0.9358
210,37,100.46,507.92,145.23,299.03,1,1,0.94057
210,39,10.44,770.12,126.2,306.95,1,1,0.95277
210,29,829.35,516.57,119.77,184.9,1,1,0.90108
210,40,0.54,309.64,46.53,282.37,1,1,0.86558
