1,0,861.44,251.38,182.78,208.16,1,1,0.93005
1,1,1327.14,305.53,180.7,247.43,1,1,0.92435
1,2,1121.13,631.92,151.58,268.4,1,1,0.92263
1,3,311.1,475.45,148.19,274.64,1,1,0.92236
1,4,1261.04,462.03,155.85,221.76,1,1,0.91709
1,5,424.26,437.98,153.28,239.62,1,1,0.9154
1,6,908.56,548.41,120.43,309.98,1,1,0.91353
1,7,644.26,471.79,164.47,208.81,1,1,0.9119
1,8,1060.05,466.16,141.97,200.68,1,1,0.91061
1,9,1506.72,0.21,105.57,168.28,1,1,0.90409
1,10,201.14,330.2,113.78,280.2,1,1,0.90177
1,11,239.41,174.61,118.41,259.15,1,1,0.88208
1,12,576.36,431.49,115.87,154.06,1,1,0.87886
1,13,837.56,450.85,134.81,199.95,1,1,0.86307
1,14,1165.68,429.05,114.43,173.49,1,1,0.86103
1,15,865.45,418.93,125.19,128.7,1,1,0.77308
2,0,861.64,250.9,183.52,208.53,1,1,0.92969
2,1,1326.63,303.88,178.59,248.01,1,1,0.92395
2,2,1121.4,631.59,151.25,268.57,1,1,0.92074
2,3,311.62,475.13,148.16,274.7,1,1,0.92236
2,4,1261.24,461.42,156.45,222.4,1,1,0.91672
2,5,424.25,437.6,154.02,240.03,1,1,0.91508
2,6,909.08,548.19,121.03,310.49,1,1,0.91317
2,7,643.95,471.44,165.03,209.48,1,1,0.91211
2,8,1060.26,465.72,142.49,200.82,1,1,0.91045
2,9,1506.07,0.17,105.99,165.5,1,1,0.90373
2,10,200.68,335.22,111.85,275.58,1,1,0.89897
2,11,235.84,174.32,120.02,257.9,1,1,0.88912
2,12,576.86,431.47,115.66,154.36,1,1,0.87868
2,13,837.63,450.11,134.55,200.35,1,1,0.86236
2,14,1167.21,428.82,113.82,174.72,1,1,0.86288
2,15,865.78,418.45,125.28,129.77,1,1,0.76841
3,0,862.57,251.04,183.28,208.34,1,1,0.92997
3,1,1326.27,302.51,176.26,248.2,1,1,0.92279
3,2,1122.05,631.1,150.74,268.82,1,1,0.92183
3,3,311.77,475.23,148.26,274.4,1,1,0.92275
3,4,1261.77,461.11,156.0,222.34,1,1,0.91679
3,5,424.99,437.42,153.77,239.92,1,1,0.91537
3,6,909.53,548.38,120.96,310.19,1,1,0.9137
3,7,644.57,471.18,164.4,209.9,1,1,0.91239
3,8,1061.08,465.32,141.91,200.8,1,1,0.91177
3,9,1506.73,0.09,105.48,162.19,1,1,0.90387
3,10,200.83,339.12,111.07,271.98,1,1,0.89629
3,11,231.45,174.33,122.96,257.18,1,1,0.89316
3,12,577.59,431.37,115.94,154.05,1,1,0.87693
3,13,838.48,448.28,135.86,201.86,1,1,0.85875
3,14,1167.96,428.7,113.72,175.8,1,1,0.8633
3,15,866.92,418.1,125.09,129.95,1,1,0.75317
4,0,862.89,250.91,182.88,208.55,1,1,0.93008
4,1,1325.53,301.86,173.58,248.07,1,1,0.92301
4,2,1122.03,631.0,151.09,268.82,1,1,0.92172
4,3,312.14,475.23,148.02,274.35,1,1,0.92258
4,4,1261.67,461.44,155.67,221.98,1,1,0.91503
4,5,424.67,437.28,154.27,240.07,1,1,0.91543
4,6,909.55,548.36,120.9,310.14,1,1,0.91347
4,7,644.78,471.11,164.11,210.25,1,1,0.91273
4,8,1061.36,465.2,141.54,200.53,1,1,0.91047
4,9,1506.66,0.13,104.18,159.23,1,1,0.89835
4,10,199.12,341.93,109.59,269.46,1,1,0.89294
4,11,224.15,175.72,128.06,256.8,1,1,0.90267
4,12,577.46,431.28,115.97,154.51,1,1,0.87745
4,13,838.61,447.97,135.81,202.34,1,1,0.85876
4,14,1167.39,428.31,113.7,176.23,1,1,0.86409
4,15,870.06,417.95,121.9,130.23,1,1,0.75019
5,0,862.72,251.66,182.68,207.7,1,1,0.92925
5,1,1325.19,301.87,169.83,247.0,1,1,0.9239
5,2,1121.87,630.96,151.62,268.86,1,1,0.92193
5,3,312.39,475.09,147.8,274.34,1,1,0.92204
5,4,1261.82,461.43,155.43,221.99,1,1,0.91561
5,5,424.19,437.28,154.71,240.16,1,1,0.91599
5,6,909.54,548.12,120.51,309.96,1,1,0.91393
5,7,644.72,471.05,164.06,210.07,1,1,0.91356
5,8,1061.3,465.13,141.74,200.22,1,1,0.91049
5,9,1505.57,0.11,104.39,156.58,1,1,0.89817
5,10,195.0,345.8,110.55,265.33,1,1,0.88998
5,11,217.32,176.21,130.87,258.65,1,1,0.91345
5,12,577.24,431.41,115.6,154.29,1,1,0.87898
5,13,838.71,448.83,135.09,201.31,1,1,0.85967
5,14,1167.01,428.21,113.91,175.56,1,1,0.86397
5,15,870.0,418.05,121.25,128.98,1,1,0.76265
6,0,863.58,253.31,182.55,205.99,1,1,0.92806
6,1,1326.82,301.69,166.09,246.91,1,1,0.92286
6,2,1122.3,630.63,151.46,269.45,1,1,0.92218
6,3,313.1,475.16,147.4,274.38,1,1,0.92304
6,4,1262.41,461.92,154.95,221.51,1,1,0.9151
6,5,424.96,437.46,154.24,240.12,1,1,0.91536
6,6,910.27,548.11,120.37,309.9,1,1,0.91368
6,7,645.21,470.93,163.8,210.16,1,1,0.91245
6,8,1062.08,465.01,141.29,200.39,1,1,0.91089
6,9,1505.51,0.1,103.81,155.4,1,1,0.89829
6,10,191.36,348.7,111.56,262.46,1,1,0.88938
6,11,213.16,177.39,133.01,258.71,1,1,0.91652
6,12,577.86,431.26,115.37,154.06,1,1,0.87834
6,13,839.56,448.43,136.22,201.46,1,1,0.85782
6,14,1167.38,428.36,113.67,175.46,1,1,0.86598
6,15,869.18,417.8,122.73,128.99,1,1,0.77992
7,0,863.83,255.72,182.35,203.83,1,1,0.9275
7,1,1327.68,302.58,162.43,246.04,1,1,0.92465
7,2,1122.25,630.71,151.12,269.52,1,1,0.92233
7,3,312.9,475.24,147.59,274.64,1,1,0.92293
7,4,1262.6,462.28,154.77,221.49,1,1,0.91566
7,5,425.13,437.58,154.11,240.47,1,1,0.91587
7,6,910.49,548.8,120.25,309.25,1,1,0.91326
7,7,645.07,471.18,163.87,209.98,1,1,0.91334
7,8,1062.09,465.35,141.04,200.26,1,1,0.91127
7,9,1504.41,0.19,103.89,155.08,1,1,0.89942
7,10,188.91,352.11,112.54,259.09,1,1,0.88998
7,11,209.77,178.92,133.48,257.41,1,1,0.91505
7,12,577.62,431.53,115.3,153.41,1,1,0.87983
7,13,839.83,449.52,136.36,200.53,1,1,0.86022
7,14,1167.05,428.62,113.42,175.11,1,1,0.86641
7,15,870.17,418.69,121.32,127.08,1,1,0.77912
8,0,864.5,257.4,182.03,202.6,1,1,0.92677
8,1,1329.02,304.03,158.66,245.23,1,1,0.92478
8,2,1122.41,631.15,151.38,269.49,1,1,0.92176
8,3,312.96,475.63,148.01,274.58,1,1,0.92247
8,4,1262.8,462.87,154.79,221.24,1,1,0.91494
8,5,425.89,437.79,153.6,240.51,1,1,0.9155
8,6,911.06,549.81,120.28,308.52,1,1,0.91408
8,7,645.53,471.57,163.45,210.04,1,1,0.91207
8,8,1062.44,465.68,141.12,200.2,1,1,0.90977
8,9,1502.51,0.25,105.71,155.73,1,1,0.89711
8,10,186.2,354.52,114.67,256.99,1,1,0.88804
8,11,207.8,180.4,131.92,256.02,1,1,0.91126
8,12,577.74,431.91,115.22,153.45,1,1,0.87991
8,13,840.25,451.28,135.2,198.96,1,1,0.86263
8,14,1167.08,429.01,113.27,174.74,1,1,0.8664
8,15,871.53,418.72,121.51,128.13,1,1,0.78223
9,0,864.86,259.11,182.01,201.39,1,1,0.92783
9,1,1329.8,304.74,156.34,245.53,1,1,0.92432
9,2,1122.67,631.62,151.48,269.32,1,1,0.92234
9,3,313.59,475.94,147.36,274.52,1,1,0.9227
9,4,1263.22,463.56,154.43,220.82,1,1,0.91507
9,5,426.48,438.07,153.32,240.34,1,1,0.91581
9,6,911.39,550.04,120.46,308.55,1,1,0.91469
9,7,645.69,471.97,163.43,209.86,1,1,0.91231
9,8,1063.04,466.56,140.8,199.24,1,1,0.91051
9,9,1501.04,0.22,106.92,155.97,1,1,0.89983
9,10,183.44,357.11,115.22,254.39,1,1,0.88828
9,11,207.02,182.83,128.17,253.3,1,1,0.909
9,12,578.07,432.83,114.97,152.44,1,1,0.87932
9,13,840.42,450.55,135.12,200.11,1,1,0.86629
9,14,1167.7,429.31,112.44,174.46,1,1,0.86479
9,15,872.61,419.32,120.17,127.76,1,1,0.77897
10,0,864.87,260.91,182.5,199.82,1,1,0.9264
10,1,1330.87,305.34,153.57,245.62,1,1,0.92507
10,2,1122.75,631.52,151.57,269.38,1,1,0.922
10,3,313.85,475.92,147.07,274.46,1,1,0.92253
10,4,1263.4,463.64,154.47,220.7,1,1,0.91446
10,5,426.78,438.18,153.26,240.06,1,1,0.91592
10,6,911.45,550.12,120.59,308.46,1,1,0.91425
10,7,645.75,471.91,163.79,209.97,1,1,0.91315
10,8,1063.09,466.65,140.75,199.13,1,1,0.91029
10,9,1499.26,0.05,108.17,156.38,1,1,0.89945
10,10,180.79,358.14,114.15,253.25,1,1,0.88925
10,11,206.71,185.81,124.01,251.01,1,1,0.9061
10,12,578.31,433.15,115.09,151.94,1,1,0.8778
10,13,840.52,450.04,135.11,200.7,1,1,0.86514
10,14,1168.28,429.22,111.75,174.44,1,1,0.86558
10,15,874.04,419.32,118.83,127.69,1,1,0.78087
11,0,865.1,262.35,182.4,198.52,1,1,0.9256
11,1,1332.32,306.5,151.23,245.04,1,1,0.92301
11,2,1122.78,631.34,151.75,269.55,1,1,0.92166
11,3,314.06,476.1,146.84,274.16,1,1,0.92207
11,4,1263.46,463.82,154.5,220.61,1,1,0.91381
11,5,426.96,438.3,153.31,239.79,1,1,0.91577
11,6,911.44,550.22,120.75,308.4,1,1,0.91428
11,7,645.69,471.9,164.23,210.03,1,1,0.91305
11,8,1063.17,466.72,140.73,199.02,1,1,0.91024
11,9,1497.78,0.01,108.12,156.43,1,1,0.89984
11,10,176.86,358.99,114.57,252.5,1,1,0.89109
11,11,207.35,187.97,118.81,249.2,1,1,0.90161
11,12,578.42,433.35,115.29,151.55,1,1,0.87724
11,13,840.71,449.79,135.4,200.92,1,1,0.86383
11,14,1168.37,429.04,111.59,174.52,1,1,0.86583
11,15,873.07,419.21,119.67,127.64,1,1,0.78871
12,0,865.37,263.38,182.09,197.24,1,1,0.92505
12,1,1333.79,307.68,148.75,244.02,1,1,0.92248
12,2,1122.74,630.86,152.0,269.77,1,1,0.92133
12,3,313.95,475.81,147.08,274.53,1,1,0.92221
12,4,1263.61,463.42,154.51,220.74,1,1,0.91389
12,5,427.14,437.99,153.23,239.87,1,1,0.91557
12,6,911.48,550.43,121.08,307.97,1,1,0.91365
12,7,645.75,471.57,164.52,210.2,1,1,0.91258
12,8,1063.0,466.14,140.94,199.55,1,1,0.9106
12,9,1496.01,-0.08,107.36,156.13,1,1,0.8965
12,10,172.81,359.96,116.35,251.15,1,1,0.89401
12,11,208.22,190.37,115.0,246.51,1,1,0.90128
12,12,578.9,433.18,115.17,151.57,1,1,0.87732
12,13,840.81,449.94,136.22,200.83,1,1,0.86347
12,14,1168.12,428.9,111.87,174.82,1,1,0.86707
12,15,872.71,418.58,121.02,128.57,1,1,0.78397
13,0,865.59,265.32,181.68,195.14,1,1,0.92485
13,1,1335.78,309.16,146.34,242.83,1,1,0.92171
13,2,1122.74,630.7,152.22,269.69,1,1,0.9216
13,3,314.05,475.58,147.1,274.85,1,1,0.9221
13,4,1263.87,462.9,154.29,220.93,1,1,0.91363
13,5,427.19,437.83,153.12,239.86,1,1,0.91536
13,6,911.54,550.36,121.26,307.88,1,1,0.91436
13,7,646.41,471.41,164.17,209.99,1,1,0.91263
13,8,1063.15,465.78,141.51,199.76,1,1,0.9104
13,9,1495.41,-0.09,105.17,155.39,1,1,0.89639
13,10,169.65,361.36,116.98,249.06,1,1,0.89506
13,11,207.63,192.84,113.77,244.21,1,1,0.90148
13,12,579.14,433.09,115.22,151.45,1,1,0.87844
13,13,840.85,450.13,136.0,200.42,1,1,0.86372
13,14,1168.23,428.95,111.9,174.72,1,1,0.86905
13,15,872.77,418.33,120.99,128.21,1,1,0.78395
14,0,865.35,266.7,181.3,193.3,1,1,0.92464
14,1,1336.9,311.01,144.8,241.0,1,1,0.91958
14,2,1122.55,629.97,152.14,270.02,1,1,0.92142
14,3,313.86,475.46,147.35,274.66,1,1,0.92217
14,4,1263.96,462.18,154.38,221.07,1,1,0.91366
14,5,426.54,437.24,153.38,239.89,1,1,0.91544
14,6,911.34,550.05,121.37,307.94,1,1,0.91382
14,7,646.06,470.85,164.37,210.28,1,1,0.9121
14,8,1062.86,465.26,141.67,199.56,1,1,0.91033
14,9,1494.24,-0.17,102.96,154.25,1,1,0.89648
14,10,166.74,362.45,116.39,247.67,1,1,0.89499
14,11,205.39,194.45,115.11,242.62,1,1,0.9005
14,12,578.86,432.58,115.39,152.54,1,1,0.87488
14,13,840.31,450.76,136.35,199.23,1,1,0.8619
14,14,1168.79,428.62,111.3,174.5,1,1,0.86724
14,15,873.31,417.68,120.91,128.74,1,1,0.77977
15,0,865.46,268.24,180.61,191.36,1,1,0.9241
15,1,1338.56,312.34,143.66,239.46,1,1,0.91887
15,2,1122.79,629.27,151.89,270.32,1,1,0.92217
15,3,313.88,475.22,147.42,274.6,1,1,0.92233
15,4,1264.45,462.13,153.93,220.6,1,1,0.9142
15,5,426.37,436.86,153.41,239.94,1,1,0.91594
15,6,911.42,549.31,121.45,308.17,1,1,0.91471
15,7,646.1,470.22,164.12,210.48,1,1,0.91204
15,8,1062.9,464.81,141.76,199.18,1,1,0.91129
15,9,1493.16,-0.19,100.95,152.22,1,1,0.89438
15,10,164.99,363.05,116.01,246.59,1,1,0.89522
15,11,203.11,196.29,117.71,240.4,1,1,0.90116
15,12,578.67,432.06,115.36,153.49,1,1,0.87442
15,13,840.27,450.88,136.99,198.59,1,1,0.86069
15,14,1168.98,428.61,110.72,172.95,1,1,0.86762
15,15,871.76,416.92,124.07,129.88,1,1,0.78513
16,0,865.95,270.17,179.71,189.39,1,1,0.92394
16,1,1340.54,313.67,142.41,238.75,1,1,0.91677
16,2,1122.75,629.07,151.88,270.63,1,1,0.92168
16,3,313.78,475.51,147.58,274.41,1,1,0.92109
16,4,1264.68,463.47,153.76,219.28,1,1,0.91367
16,5,426.04,436.91,153.55,240.07,1,1,0.91539
16,6,911.34,549.14,121.49,308.44,1,1,0.91481
16,7,646.17,470.14,163.93,210.66,1,1,0.91098
16,8,1063.03,464.77,141.97,199.37,1,1,0.91113
16,9,1491.56,0.01,100.38,150.98,1,1,0.89163
16,10,163.59,363.85,115.25,246.04,1,1,0.89511
16,11,201.56,197.1,121.45,239.33,1,1,0.90484
16,12,578.69,432.23,115.11,153.48,1,1,0.87417
16,13,840.31,451.16,137.71,198.22,1,1,0.86103
16,14,1168.59,428.77,110.66,171.59,1,1,0.86867
16,15,869.34,417.09,128.73,132.09,1,1,0.78853
17,0,866.48,271.84,178.88,187.86,1,1,0.92347
17,1,1341.52,315.01,141.97,238.05,1,1,0.91579
17,2,1122.41,627.96,151.7,271.92,1,1,0.9224
17,3,313.17,475.56,147.8,274.22,1,1,0.92161
17,4,1264.32,464.57,154.35,218.16,1,1,0.91408
17,5,425.31,437.03,154.14,240.24,1,1,0.91475
17,6,911.07,549.71,121.21,307.96,1,1,0.91531
17,7,645.7,469.43,163.57,211.3,1,1,0.91116
17,8,1062.39,464.54,141.3,198.76,1,1,0.91219
17,9,1490.15,0.02,99.64,150.09,1,1,0.88455
17,10,163.11,364.36,112.6,245.53,1,1,0.89285
17,11,200.14,198.12,126.92,237.71,1,1,0.9082
17,12,578.21,432.26,114.92,154.1,1,1,0.87514
17,13,840.78,449.02,137.16,200.75,1,1,0.8576
17,14,1167.97,428.82,110.48,170.52,1,1,0.86849
17,15,868.45,416.91,133.34,135.26,1,1,0.76089
18,0,868.39,272.71,176.93,187.12,1,1,0.92191
18,1,1342.44,316.02,142.24,237.0,1,1,0.91681
18,2,1122.83,626.91,151.22,273.01,1,1,0.92274
18,3,313.32,476.21,148.11,273.71,1,1,0.92132
18,4,1263.46,464.64,155.48,217.88,1,1,0.91375
18,5,425.39,437.39,154.09,240.17,1,1,0.91489
18,6,911.44,549.8,121.18,307.99,1,1,0.91513
18,7,646.08,468.52,163.2,212.33,1,1,0.91014
18,8,1061.75,464.13,140.96,199.02,1,1,0.91463
18,9,1489.53,0.04,99.17,149.16,1,1,0.87661
18,10,162.85,364.68,110.69,245.14,1,1,0.89013
18,11,200.4,199.66,133.13,235.97,1,1,0.91131
18,12,578.52,432.48,114.71,154.47,1,1,0.87398
18,13,841.39,444.88,138.68,205.08,1,1,0.86018
18,14,1168.02,429.28,110.68,170.23,1,1,0.86769
18,15,867.37,416.18,136.98,139.74,1,1,0.71572
19,0,872.75,274.15,172.69,186.26,1,1,0.92064
19,1,1341.28,317.65,144.89,235.14,1,1,0.92033
19,2,1123.09,627.08,150.83,272.84,1,1,0.92341
19,3,313.44,476.96,147.9,273.05,1,1,0.92215
19,4,1261.3,464.3,157.71,217.99,1,1,0.91561
19,5,425.78,437.82,153.53,239.96,1,1,0.91538
19,6,911.96,550.27,121.24,307.41,1,1,0.91796
19,7,646.41,467.77,162.5,212.79,1,1,0.91087
19,8,1060.64,462.94,140.96,198.96,1,1,0.91693
19,9,1488.95,0.09,99.57,148.37,1,1,0.86806
19,10,162.27,363.8,109.08,245.91,1,1,0.89029
19,11,201.05,200.94,139.21,236.57,1,1,0.91658
19,12,578.88,432.82,114.17,153.97,1,1,0.87544
19,13,841.9,439.33,144.42,210.31,1,1,0.86372
19,14,1168.19,429.99,110.8,170.69,1,1,0.86846
19,15,867.18,415.34,136.17,136.27,1,1,0.77251
20,0,876.47,274.92,168.71,185.53,1,1,0.91956
20,1,1340.75,318.7,146.94,233.76,1,1,0.91989
20,2,1122.89,626.12,150.78,273.72,1,1,0.92577
20,3,313.28,477.15,147.77,273.03,1,1,0.92215
20,4,1257.95,461.55,161.1,220.2,1,1,0.91478
20,5,425.65,438.01,153.17,239.96,1,1,0.91487
20,6,912.14,551.07,121.33,306.54,1,1,0.91818
20,7,646.67,466.23,161.95,213.92,1,1,0.91418
20,8,1057.38,460.33,142.89,200.74,1,1,0.91713
20,9,1487.21,0.02,100.41,147.22,1,1,0.8651
20,10,161.08,362.14,107.58,247.18,1,1,0.89102
20,11,201.18,202.49,141.2,238.15,1,1,0.9166
20,12,578.75,432.42,113.6,154.38,1,1,0.87471
20,13,839.43,433.96,150.44,215.26,1,1,0.85616
20,14,1168.95,430.04,110.86,172.12,1,1,0.86421
21,0,879.47,275.95,165.68,185.09,1,1,0.91953
21,1,1342.08,319.34,147.81,232.34,1,1,0.91954
21,2,1122.75,624.86,150.69,274.89,1,1,0.93027
21,3,313.21,477.34,147.3,272.81,1,1,0.92293
21,4,1255.08,458.71,164.37,223.0,1,1,0.91698
21,5,426.25,438.28,152.13,239.75,1,1,0.91533
21,6,912.39,551.38,121.64,306.27,1,1,0.92077
21,7,646.73,464.91,162.12,215.49,1,1,0.91485
21,8,1052.83,456.51,145.1,202.63,1,1,0.91833
21,9,1485.58,0.09,101.2,146.15,1,1,0.87052
21,10,160.53,361.42,106.18,247.3,1,1,0.89046
21,11,202.08,204.84,141.61,237.29,1,1,0.9188
21,12,578.79,431.47,113.12,155.41,1,1,0.87438
21,13,838.05,426.98,151.25,221.43,1,1,0.82761
21,14,1169.39,430.18,109.63,172.3,1,1,0.85912
22,0,882.41,276.3,162.48,184.95,1,1,0.91787
22,1,1347.06,319.3,144.57,231.7,1,1,0.92025
22,2,1121.41,623.77,151.49,275.7,1,1,0.92844
22,3,313.32,477.52,146.38,272.09,1,1,0.9221
22,4,1249.91,454.91,169.53,226.82,1,1,0.91789
22,5,427.02,438.24,151.45,239.41,1,1,0.91553
22,6,911.3,550.66,122.99,306.94,1,1,0.91905
22,7,645.5,461.65,163.03,218.97,1,1,0.91256
22,8,1044.5,451.27,152.39,207.54,1,1,0.91738
22,9,1483.96,-0.11,102.06,144.75,1,1,0.86684
22,10,159.33,360.92,105.6,247.63,1,1,0.89109
22,11,202.58,206.81,142.0,235.74,1,1,0.91729
22,12,578.79,427.63,112.73,158.48,1,1,0.87286
22,13,836.31,418.73,144.13,227.93,1,1,0.81721
22,14,1167.54,427.92,113.57,177.79,1,1,0.8593
23,0,885.7,276.85,158.45,183.77,1,1,0.9152
23,1,1352.31,319.65,140.05,230.84,1,1,0.92119
23,2,1119.31,622.11,152.68,276.15,1,1,0.93405
23,3,312.65,478.14,146.41,270.68,1,1,0.92597
23,4,1244.69,450.47,174.33,231.25,1,1,0.9239
23,5,428.35,437.84,149.62,239.65,1,1,0.9159
23,6,910.63,550.49,123.8,306.78,1,1,0.92258
23,7,644.77,458.76,163.23,221.51,1,1,0.91505
23,8,1034.47,446.39,160.97,212.35,1,1,0.92024
23,9,1481.46,-0.19,102.47,142.95,1,1,0.86382
23,10,158.41,361.39,104.24,246.25,1,1,0.88892
23,11,203.48,207.99,141.66,234.47,1,1,0.92119
23,12,577.16,423.98,112.55,161.7,1,1,0.87948
23,13,834.07,412.01,146.83,232.88,1,1,0.85247
23,14,1165.84,425.37,115.54,167.41,1,1,0.86218
24,0,888.98,277.36,154.55,183.27,1,1,0.91039
24,1,1358.4,321.61,136.57,230.95,1,1,0.9195
24,2,1116.01,619.72,155.15,278.19,1,1,0.93337
24,3,311.7,479.6,148.36,269.03,1,1,0.92297
24,4,1235.6,445.71,182.87,236.28,1,1,0.92163
24,5,429.72,437.89,147.57,239.61,1,1,0.91447
24,6,910.43,551.25,124.68,305.85,1,1,0.92495
24,7,644.98,454.26,163.27,225.72,1,1,0.91328
24,8,1027.9,440.38,163.66,219.58,1,1,0.92356
24,9,1479.63,-0.08,102.94,141.69,1,1,0.85867
24,10,157.44,362.48,104.46,244.74,1,1,0.88767
24,11,204.56,210.01,140.79,232.82,1,1,0.92146
24,12,575.79,418.39,114.25,166.05,1,1,0.87649
24,13,833.11,406.87,149.32,239.66,1,1,0.86422
24,14,1158.58,423.81,121.29,163.33,1,1,0.86858
25,0,891.92,277.85,150.97,181.42,1,1,0.90917
25,1,1364.48,324.2,140.79,231.36,1,1,0.91836
25,2,1112.67,618.3,158.91,279.43,1,1,0.9355
25,3,311.03,481.45,151.59,266.04,1,1,0.92001
25,4,1231.97,440.98,186.17,241.41,1,1,0.92148
25,5,431.17,437.85,147.03,240.78,1,1,0.91181
25,6,910.79,551.97,125.63,304.73,1,1,0.92463
25,7,645.2,450.41,164.02,229.76,1,1,0.91657
25,8,1021.98,434.06,166.82,227.98,1,1,0.9259
25,9,1478.84,-0.04,104.27,140.75,1,1,0.85083
25,10,157.45,365.11,105.38,241.03,1,1,0.89294
25,11,207.22,211.38,139.47,232.1,1,1,0.92126
25,12,575.45,411.7,118.04,170.65,1,1,0.88053
25,13,829.38,405.36,159.88,245.89,1,1,0.86412
25,14,1154.17,422.06,125.21,165.0,1,1,0.86373
26,0,893.45,277.71,149.34,180.31,1,1,0.90225
26,1,1371.39,327.78,148.38,230.75,1,1,0.92313
26,2,1105.37,616.53,166.07,280.63,1,1,0.94136
26,3,311.26,483.81,154.97,261.68,1,1,0.91834
26,4,1228.21,436.3,190.35,247.14,1,1,0.92794
26,5,436.57,438.01,142.43,240.82,1,1,0.91158
26,6,911.48,551.9,130.73,303.96,1,1,0.93284
26,7,645.62,445.87,167.02,234.09,1,1,0.92134
26,8,1013.14,427.44,171.38,237.83,1,1,0.92369
26,9,1478.02,0.01,106.44,140.01,1,1,0.75991
26,10,157.82,369.01,106.56,236.66,1,1,0.89306
26,11,209.47,212.11,137.51,230.71,1,1,0.91837
26,12,576.12,406.37,120.66,175.47,1,1,0.88127
26,13,827.01,403.86,156.95,252.9,1,1,0.88524
26,14,1146.53,420.54,125.83,168.38,1,1,0.83251
27,0,894.76,277.17,146.17,180.33,1,1,0.89464
27,1,1374.94,333.38,154.02,228.24,1,1,0.92551
27,2,1096.67,615.6,173.94,281.37,1,1,0.94179
27,3,311.52,487.01,158.56,256.98,1,1,0.91614
27,4,1221.85,431.52,196.12,253.36,1,1,0.92868
27,5,439.46,437.5,139.89,241.14,1,1,0.91178
27,6,911.7,551.94,133.85,303.12,1,1,0.93492
27,7,645.15,439.78,171.57,238.9,1,1,0.92504
27,8,1002.77,421.86,175.71,246.41,1,1,0.91835
27,9,1478.68,0.1,106.1,139.93,1,1,0.816
27,10,156.27,372.33,109.92,232.99,1,1,0.89378
27,11,210.62,212.81,135.6,229.6,1,1,0.91461
27,12,576.12,402.14,123.17,179.25,1,1,0.88449
27,13,825.81,404.44,159.53,255.12,1,1,0.86961
27,14,1131.8,419.51,131.87,155.82,1,1,0.85429
28,0,895.68,277.01,142.63,173.15,1,1,0.9031
28,1,1375.49,339.6,159.07,225.12,1,1,0.92257
28,2,1088.56,614.42,182.02,282.85,1,1,0.94098
28,3,311.05,491.01,165.47,254.02,1,1,0.9077
28,4,1210.0,425.27,209.14,261.15,1,1,0.92061
28,5,438.01,436.83,142.6,241.66,1,1,0.91031
28,6,911.74,551.59,136.84,303.04,1,1,0.93414
28,7,644.39,433.41,171.89,243.0,1,1,0.92415
28,8,998.54,418.06,174.79,247.68,1,1,0.91116
28,9,1478.73,0.06,106.77,139.77,1,1,0.74389
28,10,153.85,375.56,118.14,230.08,1,1,0.88669
28,11,211.65,213.35,134.44,228.87,1,1,0.91206
28,12,576.32,398.6,127.56,181.36,1,1,0.88823
28,13,824.72,404.95,154.49,255.27,1,1,0.87054
28,14,1119.15,419.11,133.75,142.46,1,1,0.87053
29,0,894.03,276.18,140.85,171.14,1,1,0.89038
29,1,1372.04,346.3,165.34,223.08,1,1,0.916
29,2,1083.6,614.09,185.98,283.31,1,1,0.93922
29,3,309.76,494.55,176.22,251.43,1,1,0.90188
29,4,1186.87,419.46,231.81,268.02,1,1,0.89826
29,5,439.01,435.74,142.73,242.06,1,1,0.91179
29,6,911.58,551.3,139.43,302.76,1,1,0.92796
29,7,643.31,428.09,174.31,246.46,1,1,0.92298
29,8,988.66,415.02,175.2,245.27,1,1,0.90631
29,9,1479.22,0.01,107.39,139.62,1,1,0.72176
29,10,152.6,379.52,130.65,226.96,1,1,0.88908
29,11,212.54,213.92,133.83,227.87,1,1,0.91158
29,12,575.86,396.96,132.15,181.66,1,1,0.88445
29,13,824.14,405.33,154.65,255.73,1,1,0.87523
29,14,1111.01,418.67,133.89,138.08,1,1,0.76854
30,0,892.32,274.53,139.23,168.53,1,1,0.88913
30,1,1366.72,352.76,172.24,220.02,1,1,0.91432
30,2,1081.51,614.69,188.16,283.04,1,1,0.93876
30,3,309.46,495.52,188.53,250.13,1,1,0.89805
30,4,1169.88,415.14,241.27,271.95,1,1,0.91118
30,5,437.52,434.29,142.72,242.54,1,1,0.9135
30,6,911.38,551.81,144.98,301.64,1,1,0.92074
30,7,639.8,424.6,177.59,246.33,1,1,0.92173
30,8,978.43,412.8,166.85,237.94,1,1,0.90062
30,9,1479.42,0.07,108.43,139.46,1,1,0.76158
30,10,151.02,383.58,145.92,223.11,1,1,0.89684
30,11,212.29,214.33,133.71,227.25,1,1,0.90963
30,12,574.42,396.78,137.19,183.37,1,1,0.88718
30,13,822.55,407.9,153.21,254.52,1,1,0.87249
30,14,1102.63,416.43,132.42,151.94,1,1,0.79816
31,0,891.22,273.5,137.22,163.11,1,1,0.8855
31,1,1358.98,358.53,180.19,217.21,1,1,0.91383
31,2,1081.16,614.49,188.17,283.06,1,1,0.94252
31,3,310.8,499.67,201.31,244.38,1,1,0.8956
31,4,1154.95,411.29,241.81,274.36,1,1,0.90894
31,5,432.38,432.24,146.85,243.72,1,1,0.91033
31,6,911.34,551.1,150.3,301.51,1,1,0.91003
31,7,633.45,421.85,183.14,246.38,1,1,0.91729
31,8,967.66,411.41,157.11,230.85,1,1,0.90083
31,9,1479.57,0.0,108.74,138.97,1,1,0.71885
31,10,150.03,386.88,159.43,219.82,1,1,0.90363
31,11,212.26,214.69,133.04,225.74,1,1,0.90969
31,12,569.91,396.95,142.51,183.46,1,1,0.87646
31,13,822.77,409.81,148.63,253.06,1,1,0.86906
31,14,1092.42,413.41,130.22,167.92,1,1,0.74682
31,15,807.09,384.98,143.9,185.35,1,1,0.71758
32,0,891.45,273.31,133.7,159.14,1,1,0.88993
32,1,1349.29,362.27,190.03,218.25,1,1,0.91628
32,2,1080.15,614.95,188.79,282.97,1,1,0.9427
32,3,312.42,496.42,213.92,246.1,1,1,0.89586
32,4,1131.01,409.65,242.49,274.46,1,1,0.8979
32,5,414.01,428.61,164.77,246.1,1,1,0.88657
32,6,910.83,551.09,158.88,300.89,1,1,0.91232
32,7,626.42,419.77,189.62,248.21,1,1,0.91805
32,8,953.89,411.09,153.99,225.16,1,1,0.89232
32,9,1479.62,0.1,109.3,138.63,1,1,0.65775
32,10,148.33,388.66,173.98,218.44,1,1,0.91218
32,11,211.76,215.31,133.46,224.46,1,1,0.91026
32,12,561.65,399.3,147.95,176.02,1,1,0.88879
32,13,822.39,410.85,145.55,252.23,1,1,0.86867
32,14,1085.28,411.82,131.04,180.67,1,1,0.69773
32,15,803.24,382.84,141.14,187.28,1,1,0.82351
33,0,888.2,274.39,133.32,156.68,1,1,0.8907
33,1,1340.88,365.12,198.87,218.37,1,1,0.92759
33,2,1077.43,613.9,189.57,283.76,1,1,0.94797
33,3,315.61,495.75,230.91,245.81,1,1,0.90236
33,4,1124.65,410.44,213.27,273.98,1,1,0.90596
33,5,397.08,425.08,147.91,196.11,1,1,0.8333
33,6,910.95,552.45,160.91,299.48,1,1,0.93124
33,7,620.01,417.99,194.61,251.68,1,1,0.92276
33,8,941.46,411.1,152.99,218.97,1,1,0.88986
33,9,1478.49,0.26,108.86,137.78,1,1,0.73236
33,10,146.32,389.84,183.86,217.07,1,1,0.91888
33,11,212.75,216.78,131.54,222.6,1,1,0.90769
33,12,550.63,401.18,151.81,172.75,1,1,0.87676
33,13,820.53,407.45,145.31,255.69,1,1,0.8672
33,14,1078.27,413.31,124.25,185.56,1,1,0.82078
33,15,803.13,383.08,136.26,186.59,1,1,0.79587
34,0,883.92,275.14,135.18,154.36,1,1,0.89068
34,1,1333.17,365.52,205.4,218.65,1,1,0.93034
34,2,1071.69,612.23,193.07,284.67,1,1,0.94533
34,3,331.06,495.41,228.96,244.95,1,1,0.91156
34,4,1111.01,411.84,189.55,273.45,1,1,0.90391
34,5,385.16,419.71,134.39,188.25,1,1,0.82638
34,6,911.08,552.93,164.23,297.79,1,1,0.92819
34,7,613.64,415.1,199.65,257.5,1,1,0.922
34,8,929.79,410.93,151.09,225.53,1,1,0.87894
34,9,1477.31,0.14,107.61,137.69,1,1,0.75298
34,10,143.56,390.28,188.55,216.1,1,1,0.92186
34,11,214.97,219.3,129.56,219.56,1,1,0.90622
34,12,547.21,402.92,152.33,165.37,1,1,0.86814
34,13,820.05,401.42,141.52,259.0,1,1,0.8428
34,14,1062.53,444.06,118.84,155.52,1,1,0.79727
34,15,802.26,381.44,130.87,189.61,1,1,0.74859
35,0,881.7,275.93,135.65,150.25,1,1,0.89595
35,1,1324.97,364.25,209.55,220.44,1,1,0.93357
35,2,1067.75,610.57,192.69,284.95,1,1,0.946
35,3,354.98,497.49,215.69,241.07,1,1,0.91233
35,4,1096.18,414.45,181.54,271.2,1,1,0.90486
35,5,372.02,414.49,133.27,223.82,1,1,0.86311
35,6,910.78,552.78,166.73,297.6,1,1,0.92896
35,7,610.61,414.28,203.93,261.19,1,1,0.92065
35,8,916.44,410.98,156.26,236.26,1,1,0.87782
35,9,1475.88,0.09,106.07,137.98,1,1,0.71235
35,10,134.25,390.23,191.73,215.91,1,1,0.92393
35,11,215.89,220.73,133.46,216.0,1,1,0.91304
35,12,550.08,405.02,146.15,169.38,1,1,0.8192
35,13,818.52,394.83,137.15,262.69,1,1,0.84541
35,14,1049.34,450.04,108.85,148.26,1,1,0.65203
36,0,878.93,276.16,134.97,147.46,1,1,0.8867
36,1,1316.8,363.18,213.64,222.96,1,1,0.92271
36,2,1065.06,609.86,187.36,284.54,1,1,0.92936
36,3,389.09,498.73,193.31,240.23,1,1,0.88009
36,4,1078.98,417.48,188.78,268.55,1,1,0.90886
36,5,355.04,409.92,144.16,259.93,1,1,0.88359
36,6,909.47,553.0,171.15,297.28,1,1,0.9162
36,7,608.91,413.24,207.25,264.0,1,1,0.91599
36,8,905.48,412.58,161.13,242.36,1,1,0.8808
36,9,1474.23,-0.02,106.15,139.49,1,1,0.71846
36,10,124.23,391.28,191.15,215.78,1,1,0.91004
36,11,215.93,221.41,140.52,214.52,1,1,0.91153
36,12,553.07,406.37,142.38,189.56,1,1,0.82981
36,13,814.88,387.52,135.85,267.63,1,1,0.83462
37,0,877.9,276.43,142.62,153.0,1,1,0.8781
37,1,1311.78,361.68,208.52,224.72,1,1,0.92125
37,2,1064.1,608.66,175.95,283.86,1,1,0.92804
37,3,408.27,500.13,188.18,238.79,1,1,0.89473
37,4,1069.75,414.39,191.52,272.6,1,1,0.91252
37,5,340.65,407.72,153.99,290.22,1,1,0.89928
37,6,909.25,552.18,175.1,298.12,1,1,0.91416
37,7,604.8,410.97,212.61,267.49,1,1,0.92216
37,8,900.21,414.64,162.5,244.01,1,1,0.8744
37,9,1474.18,-0.09,105.21,140.3,1,1,0.7697
37,10,122.72,394.25,181.46,213.66,1,1,0.90338
37,11,216.71,220.96,148.65,214.96,1,1,0.91264
37,12,554.24,405.42,135.93,197.1,1,1,0.83827
37,13,811.9,382.0,136.96,274.98,1,1,0.84552
38,0,876.9,276.54,150.05,159.11,1,1,0.88757
38,1,1305.67,359.66,205.8,227.35,1,1,0.91818
38,2,1062.81,605.46,164.16,285.67,1,1,0.92134
38,3,418.15,498.21,192.4,240.34,1,1,0.89891
38,4,1058.82,411.79,197.43,274.69,1,1,0.9073
38,5,332.36,406.9,155.97,305.95,1,1,0.90778
38,6,909.52,553.76,174.12,295.56,1,1,0.91678
38,7,604.56,407.9,211.47,270.24,1,1,0.9157
38,8,895.37,415.39,163.57,245.44,1,1,0.88765
38,9,1473.47,-0.15,104.97,140.95,1,1,0.77143
38,10,128.15,397.23,167.6,211.77,1,1,0.90136
38,11,217.33,219.91,157.97,215.34,1,1,0.91422
38,12,556.78,403.91,128.26,200.4,1,1,0.84878
38,13,808.21,379.92,137.51,278.92,1,1,0.84627
39,0,875.46,277.06,154.0,159.9,1,1,0.89003
39,1,1302.05,358.39,204.37,229.31,1,1,0.91619
39,2,1061.6,603.03,152.45,286.7,1,1,0.91688
39,3,425.86,494.72,199.44,240.99,1,1,0.89289
39,4,1054.53,407.3,192.08,277.5,1,1,0.89918
39,5,332.16,408.99,154.74,309.01,1,1,0.91199
39,6,909.98,553.49,172.93,294.67,1,1,0.91387
39,7,606.55,404.75,209.54,272.55,1,1,0.91002
39,8,893.02,414.77,165.26,247.12,1,1,0.88198
39,9,1473.1,-0.22,104.39,141.15,1,1,0.79762
39,10,128.51,399.14,162.44,215.77,1,1,0.9004
39,11,220.21,218.05,166.12,217.58,1,1,0.91931
39,12,551.85,402.12,130.26,169.98,1,1,0.78636
39,13,803.27,379.79,138.41,280.94,1,1,0.84273
40,0,875.66,276.96,152.76,159.97,1,1,0.88994
40,1,1296.07,358.01,204.48,230.72,1,1,0.91474
40,2,1059.59,596.22,140.69,290.94,1,1,0.91843
40,3,436.76,490.67,205.8,238.82,1,1,0.88835
40,4,1049.39,400.55,175.3,268.27,1,1,0.85505
40,5,328.58,409.97,156.7,307.65,1,1,0.9173
40,6,910.98,551.78,169.79,294.52,1,1,0.91916
40,7,611.21,400.73,203.37,274.36,1,1,0.90462
40,8,892.75,410.99,166.55,250.15,1,1,0.87634
40,9,1472.84,-0.33,103.53,140.68,1,1,0.81981
40,10,124.81,401.01,172.31,218.92,1,1,0.89896
40,11,223.58,215.2,172.73,219.62,1,1,0.92319
40,12,520.84,398.3,151.81,192.61,1,1,0.83813
40,13,798.56,384.45,139.16,276.68,1,1,0.83844
40,15,750.62,367.98,153.51,185.3,1,1,0.76799
41,0,876.78,277.24,147.55,157.53,1,1,0.87468
41,1,1288.56,358.45,204.78,231.29,1,1,0.9199
41,2,1058.15,587.43,133.93,296.5,1,1,0.91179
41,3,449.71,488.93,207.93,235.32,1,1,0.88756
41,4,1045.74,395.16,137.98,254.21,1,1,0.84487
41,5,321.77,411.04,151.51,305.44,1,1,0.91494
41,6,911.27,551.41,171.26,294.06,1,1,0.92121
41,7,621.61,398.59,194.39,274.32,1,1,0.90371
41,8,891.94,405.87,165.89,255.23,1,1,0.88663
41,9,1472.74,-0.23,102.21,140.62,1,1,0.8516
41,10,124.17,402.54,179.93,218.03,1,1,0.90554
41,11,227.28,212.98,177.52,220.27,1,1,0.92311
41,12,506.1,395.58,158.99,202.09,1,1,0.8696
41,13,796.51,388.3,141.64,272.45,1,1,0.85455
41,15,738.71,364.68,159.54,183.02,1,1,0.80199
42,0,879.41,277.8,149.56,153.92,1,1,0.85735
42,1,1280.44,360.71,202.83,230.62,1,1,0.92544
42,2,1058.17,581.2,124.67,299.62,1,1,0.91004
42,3,472.82,488.7,201.84,231.71,1,1,0.89333
42,4,1037.57,391.01,124.65,248.25,1,1,0.85384
42,5,308.65,411.2,149.37,303.68,1,1,0.91901
42,6,909.7,551.9,170.52,292.8,1,1,0.91821
42,7,627.82,396.62,188.0,272.45,1,1,0.8821
42,8,889.81,399.18,164.66,261.15,1,1,0.87954
42,9,1471.39,-0.22,101.62,140.41,1,1,0.84017
42,10,123.24,402.9,186.61,218.53,1,1,0.90664
42,11,232.88,211.32,178.41,218.98,1,1,0.92163
42,12,494.79,391.78,162.44,210.74,1,1,0.88143
42,13,794.46,388.55,143.0,272.21,1,1,0.86116
42,15,728.67,361.92,164.15,180.73,1,1,0.83395
43,0,880.93,277.2,136.7,152.95,1,1,0.83811
43,1,1270.77,363.21,203.6,233.78,1,1,0.92172
43,2,1058.31,575.87,118.1,301.89,1,1,0.89986
43,3,506.51,488.04,185.32,231.22,1,1,0.88944
43,4,1030.01,390.47,110.86,232.54,1,1,0.7962
43,5,294.88,408.62,151.32,303.16,1,1,0.90859
43,6,908.59,552.88,169.74,290.39,1,1,0.90847
43,7,632.08,401.4,182.08,264.53,1,1,0.80568
43,8,890.94,393.51,161.68,263.56,1,1,0.87249
43,9,1470.21,-0.24,101.81,140.19,1,1,0.83505
43,10,122.02,402.72,188.63,220.23,1,1,0.89682
43,11,240.13,209.93,175.41,218.14,1,1,0.91106
43,12,487.47,386.63,165.98,218.45,1,1,0.88055
43,13,792.08,390.84,141.25,270.6,1,1,0.86634
43,15,724.93,358.6,161.71,183.56,1,1,0.84473
44,0,880.97,276.38,149.85,152.54,1,1,0.82514
44,1,1259.3,366.32,206.22,240.6,1,1,0.9233
44,2,1056.05,568.89,115.01,305.44,1,1,0.89741
44,3,548.54,488.15,169.49,229.26,1,1,0.8687
44,4,1045.96,387.16,104.06,226.76,1,1,0.78034
44,5,287.27,407.95,152.81,298.81,1,1,0.90607
44,6,907.69,552.97,170.84,289.46,1,1,0.911
44,8,903.1,386.95,145.42,258.05,1,1,0.85704
44,9,1469.37,-0.21,104.68,140.01,1,1,0.83427
44,10,121.71,404.27,184.67,220.49,1,1,0.89633
44,11,247.96,209.29,172.59,217.67,1,1,0.90868
44,12,483.02,381.86,170.33,224.41,1,1,0.88883
44,13,791.27,387.7,143.02,274.64,1,1,0.87384
44,15,725.74,356.74,154.8,186.52,1,1,0.82847
44,14,1009.14,393.62,112.01,216.13,1,1,0.81601
45,0,877.21,274.47,167.89,156.04,1,1,0.85984
45,1,1248.39,370.05,207.99,241.35,1,1,0.92565
45,2,1055.57,567.69,112.65,301.96,1,1,0.898
45,3,565.72,487.8,185.73,228.54,1,1,0.82607
45,4,1047.35,384.78,109.89,234.25,1,1,0.83629
45,5,282.07,410.96,157.78,289.83,1,1,0.89951
45,6,905.53,553.43,173.71,288.44,1,1,0.91225
45,8,908.02,382.8,135.25,246.65,1,1,0.84357
45,9,1468.77,-0.05,107.01,139.7,1,1,0.78583
45,10,122.15,407.42,178.67,219.57,1,1,0.8997
45,11,256.28,209.65,168.48,219.82,1,1,0.91293
45,12,477.56,377.18,172.43,227.61,1,1,0.89381
45,13,790.91,383.72,144.39,279.1,1,1,0.88167
45,15,730.37,357.37,135.02,190.59,1,1,0.74359
45,14,999.18,392.7,111.7,217.8,1,1,0.82723
46,0,876.57,272.98,171.85,166.23,1,1,0.87064
46,1,1235.13,374.08,209.33,239.86,1,1,0.92667
46,2,1051.5,567.21,112.44,297.31,1,1,0.88862
46,3,572.26,488.33,200.28,227.63,1,1,0.89987
46,4,1043.4,382.99,119.42,240.2,1,1,0.86493
46,5,276.42,414.69,158.74,284.02,1,1,0.9025
46,6,903.03,553.43,175.11,286.7,1,1,0.90906
46,8,913.42,379.57,122.11,239.14,1,1,0.83247
46,9,1467.77,0.03,108.72,139.58,1,1,0.77879
46,10,116.14,411.68,179.16,218.28,1,1,0.90698
46,11,263.02,211.39,163.13,223.4,1,1,0.91731
46,12,469.16,373.07,174.02,232.84,1,1,0.90006
46,13,790.54,375.72,146.16,286.07,1,1,0.89129
46,15,737.73,355.7,106.93,181.8,1,1,0.83735
46,14,987.9,394.59,108.66,221.24,1,1,0.81009
47,0,880.98,273.83,164.97,167.66,1,1,0.88231
47,1,1223.84,377.39,209.07,238.83,1,1,0.92704
47,2,1048.98,567.65,111.39,292.21,1,1,0.87803
47,3,584.21,487.5,210.33,229.01,1,1,0.89482
47,4,1039.04,380.12,126.14,244.16,1,1,0.87161
47,5,265.85,418.1,166.37,283.8,1,1,0.90067
47,6,903.36,554.98,175.11,282.57,1,1,0.90838
47,8,918.63,376.84,110.54,231.69,1,1,0.80913
47,9,1467.45,0.18,110.52,138.75,1,1,0.77743
47,10,109.94,416.16,183.62,223.38,1,1,0.90394
47,11,269.55,214.65,156.12,224.81,1,1,0.91418
47,12,462.92,369.68,174.44,239.22,1,1,0.90037
47,13,789.96,370.94,148.67,287.12,1,1,0.89222
47,15,726.82,353.55,109.3,180.77,1,1,0.82458
47,14,968.93,395.02,111.45,233.27,1,1,0.81647
47,7,594.66,392.89,127.29,254.0,1,1,0.78912
48,0,886.19,275.14,159.39,166.71,1,1,0.8831
48,1,1215.55,379.63,208.08,239.44,1,1,0.92848
48,2,1046.65,567.25,113.71,291.54,1,1,0.87583
48,3,598.91,485.06,218.26,234.2,1,1,0.90956
48,4,1034.36,378.06,134.07,247.5,1,1,0.89469
48,5,262.53,421.43,166.03,282.68,1,1,0.89081
48,6,907.97,555.54,169.48,281.17,1,1,0.90814
48,8,920.44,375.85,103.55,219.31,1,1,0.79523
48,9,1468.62,0.14,108.4,137.3,1,1,0.81995
48,10,101.07,419.97,190.11,229.07,1,1,0.90333
48,11,277.01,218.35,145.65,221.68,1,1,0.90996
48,12,460.91,368.59,171.83,241.64,1,1,0.90228
48,13,792.55,367.25,146.5,285.27,1,1,0.88627
48,15,712.17,351.3,116.13,188.71,1,1,0.8365
48,14,951.76,395.55,112.84,258.5,1,1,0.78215
48,7,596.44,390.83,117.65,265.33,1,1,0.82163
49,0,890.85,277.2,154.6,163.61,1,1,0.85803
49,1,1210.76,381.58,205.6,238.08,1,1,0.92659
49,2,1045.42,565.72,108.6,292.88,1,1,0.87217
49,3,624.62,485.01,217.99,239.63,1,1,0.87099
49,4,1032.21,378.1,140.2,250.37,1,1,0.88165
49,5,254.09,424.15,165.04,280.74,1,1,0.89547
49,6,914.17,555.52,161.89,280.27,1,1,0.89851
49,8,912.88,372.93,108.37,210.55,1,1,0.79748
49,9,1469.79,0.04,104.21,134.34,1,1,0.83428
49,10,95.35,421.83,193.56,230.04,1,1,0.90542
49,11,282.72,222.87,135.26,217.41,1,1,0.90386
49,12,461.38,369.28,167.86,241.44,1,1,0.90296
49,13,795.04,362.87,140.65,279.73,1,1,0.88279
49,15,700.74,349.51,117.99,198.48,1,1,0.83483
49,14,938.84,398.65,116.94,275.31,1,1,0.81022
49,7,597.15,387.83,117.19,278.34,1,1,0.81633
50,0,896.96,280.57,151.69,151.17,1,1,0.83608
50,1,1205.04,383.53,203.28,237.61,1,1,0.92431
50,2,1041.65,563.74,107.74,292.71,1,1,0.87664
50,3,663.77,483.81,204.23,245.79,1,1,0.87759
50,4,1027.71,382.46,149.11,253.06,1,1,0.8879
50,5,246.42,426.15,162.57,278.93,1,1,0.89404
50,6,920.97,554.98,153.62,282.08,1,1,0.89159
50,8,913.53,368.43,105.61,204.57,1,1,0.79881
50,9,1468.87,0.03,103.72,130.91,1,1,0.8419
50,10,93.8,422.38,192.42,231.07,1,1,0.90624
50,11,288.13,227.83,126.66,213.4,1,1,0.90025
50,12,460.6,372.5,167.47,239.02,1,1,0.89955
50,13,796.49,358.55,135.33,276.34,1,1,0.87955
50,15,693.06,347.86,120.38,201.76,1,1,0.82578
50,14,931.12,398.95,113.63,283.88,1,1,0.8132
50,7,594.39,385.39,126.84,292.92,1,1,0.85214
51,0,904.38,284.4,145.98,133.86,1,1,0.86026
51,1,1198.9,385.31,199.38,236.09,1,1,0.93149
51,2,1039.05,560.0,110.31,292.1,1,1,0.88888
51,3,711.51,478.14,182.19,253.15,1,1,0.87422
51,4,1029.24,387.84,154.35,254.6,1,1,0.88983
51,5,239.88,426.61,164.8,276.68,1,1,0.89612
51,6,925.95,554.93,146.84,282.82,1,1,0.89806
51,8,906.09,364.71,110.27,200.11,1,1,0.77269
51,9,1467.04,-0.11,105.61,126.9,1,1,0.82149
51,10,95.36,421.0,186.78,232.15,1,1,0.9078
51,11,291.98,233.64,125.47,208.24,1,1,0.90181
51,12,461.1,375.66,164.87,236.67,1,1,0.8984
51,13,796.19,354.73,123.48,264.14,1,1,0.82904
51,15,688.51,346.89,119.16,205.47,1,1,0.82904
51,14,925.13,398.46,112.3,287.71,1,1,0.83148
51,7,589.02,384.67,145.84,294.67,1,1,0.88119
52,0,912.76,288.62,139.58,124.45,1,1,0.8502
52,1,1191.12,387.72,197.18,235.42,1,1,0.93406
52,2,1039.36,555.68,113.47,294.97,1,1,0.88896
52,3,744.2,483.56,175.12,248.05,1,1,0.87458
52,4,1025.05,393.78,165.81,251.61,1,1,0.88607
52,5,235.66,425.32,167.02,276.58,1,1,0.89352
52,6,925.95,555.37,144.88,283.78,1,1,0.89914
52,9,1463.64,-0.18,109.21,121.25,1,1,0.74957
52,10,97.43,420.46,183.12,232.73,1,1,0.90824
52,11,295.36,239.29,131.34,202.44,1,1,0.90505
52,12,461.05,378.3,162.35,233.88,1,1,0.89984
52,13,788.46,350.73,117.22,230.24,1,1,0.80761
52,15,684.11,346.37,118.58,209.84,1,1,0.83311
52,14,915.95,391.47,115.63,292.69,1,1,0.82199
52,7,582.96,383.39,164.32,293.75,1,1,0.89092
53,0,929.17,293.88,128.66,115.33,1,1,0.8296
53,1,1182.97,390.78,196.35,237.48,1,1,0.92528
53,2,1037.7,554.63,118.15,290.72,1,1,0.88935
53,3,757.95,484.47,190.14,246.24,1,1,0.8775
53,4,1019.09,395.06,175.28,253.55,1,1,0.89061
53,5,233.38,424.45,167.79,277.48,1,1,0.88276
53,6,925.32,556.32,144.36,284.17,1,1,0.89477
53,9,1459.63,0.14,112.48,115.22,1,1,0.74472
53,10,100.73,419.31,177.39,234.44,1,1,0.9073
53,11,298.1,245.11,146.59,196.94,1,1,0.9074
53,12,461.09,380.24,159.23,232.64,1,1,0.89643
53,13,782.45,346.54,115.48,226.9,1,1,0.8237
53,15,679.33,347.21,117.76,212.47,1,1,0.83612
53,14,912.19,387.08,114.43,276.17,1,1,0.80789
53,7,579.12,382.46,175.58,293.93,1,1,0.88754
54,0,949.48,298.88,120.74,111.9,1,1,0.83776
54,1,1176.76,392.68,193.64,238.67,1,1,0.92562
54,2,1034.83,553.5,119.21,280.07,1,1,0.89746
54,3,768.2,482.4,201.21,245.49,1,1,0.87846
54,4,1012.97,390.39,182.52,259.91,1,1,0.89809
54,5,231.15,421.27,169.88,279.02,1,1,0.88622
54,6,925.06,557.46,144.36,283.22,1,1,0.89845
54,9,1454.64,0.06,116.59,110.16,1,1,0.71217
54,10,102.73,417.03,172.7,240.86,1,1,0.90362
54,11,300.33,248.25,167.28,196.59,1,1,0.90875
54,12,461.55,380.29,154.59,230.96,1,1,0.90193
54,13,774.69,344.37,123.32,241.16,1,1,0.85281
54,15,673.11,347.43,118.2,212.65,1,1,0.84259
54,14,915.72,385.79,104.54,249.45,1,1,0.79181
54,7,577.39,380.83,179.9,296.65,1,1,0.89042
55,0,968.33,303.6,122.05,111.51,1,1,0.80425
55,1,1166.18,394.73,196.24,247.73,1,1,0.92001
55,2,1033.77,553.93,116.27,272.26,1,1,0.8865
55,3,783.73,481.02,213.44,245.73,1,1,0.88839
55,4,1010.42,389.45,183.04,259.16,1,1,0.89226
55,5,233.63,419.23,168.79,278.05,1,1,0.88102
55,6,924.72,557.2,146.23,284.21,1,1,0.89116
55,10,104.91,415.68,169.08,251.37,1,1,0.89665
55,11,301.45,249.42,177.95,197.72,1,1,0.90793
55,12,461.62,378.66,152.3,234.06,1,1,0.8956
55,13,770.55,344.57,124.02,256.58,1,1,0.84581
55,15,671.39,348.33,114.01,210.91,1,1,0.81584
55,14,916.12,388.28,101.13,201.95,1,1,0.69759
55,7,577.4,380.74,181.26,298.28,1,1,0.88589
55,8,906.75,351.74,108.72,165.06,1,1,0.72065
56,0,986.23,308.03,128.63,136.54,1,1,0.81269
56,1,1157.61,396.62,197.88,251.08,1,1,0.91732
56,2,1030.95,551.91,112.76,269.0,1,1,0.85241
56,3,804.87,472.74,222.4,238.14,1,1,0.84815
56,4,1003.09,391.68,187.01,248.45,1,1,0.8666
56,5,231.0,417.34,172.03,278.06,1,1,0.88888
56,6,924.23,557.14,146.32,284.39,1,1,0.87925
56,10,101.77,415.88,168.49,256.76,1,1,0.89258
56,11,304.03,249.29,184.26,199.26,1,1,0.91045
56,12,460.85,375.73,150.76,236.44,1,1,0.89207
56,13,765.63,345.64,128.05,274.42,1,1,0.85305
56,15,668.65,349.56,111.68,209.61,1,1,0.81945
56,14,905.09,391.69,98.71,193.95,1,1,0.66954
56,7,576.46,381.17,180.09,298.7,1,1,0.88206
57,0,998.37,310.39,141.1,173.06,1,1,0.85985
57,1,1153.36,398.41,196.57,250.4,1,1,0.91129
57,2,1027.43,550.05,107.19,271.21,1,1,0.8329
57,3,826.01,423.13,194.12,276.34,1,1,0.80915
57,4,997.1,392.05,191.53,247.61,1,1,0.86454
57,5,228.68,415.72,174.49,281.69,1,1,0.89205
57,6,924.37,555.63,144.19,284.82,1,1,0.8628
57,10,94.63,416.5,171.45,259.32,1,1,0.89338
57,11,306.05,247.0,190.93,203.81,1,1,0.91335
57,12,457.37,372.49,150.7,240.31,1,1,0.89143
57,13,760.74,347.36,129.37,280.96,1,1,0.85902
57,15,667.29,351.34,108.1,208.35,1,1,0.81297
57,14,906.33,445.65,125.74,211.9,1,1,0.69694
57,7,576.27,380.94,175.6,300.37,1,1,0.8787
58,0,1011.34,311.3,148.19,193.41,1,1,0.87254
58,1,1147.14,401.06,199.13,248.54,1,1,0.90963
58,2,1018.6,548.18,109.1,268.64,1,1,0.8122
58,3,832.17,406.91,174.04,289.46,1,1,0.86857
58,4,991.25,390.09,196.56,256.65,1,1,0.80693
58,5,226.24,412.41,176.73,290.05,1,1,0.89828
58,6,924.92,554.5,145.18,285.69,1,1,0.8662
58,10,89.84,415.86,171.95,261.79,1,1,0.89749
58,11,308.77,243.63,194.79,209.02,1,1,0.91568
58,12,450.21,369.79,154.55,243.2,1,1,0.89604
58,13,754.83,349.03,129.48,281.07,1,1,0.86402
58,15,666.4,352.97,105.16,208.08,1,1,0.82394
58,14,926.48,465.62,133.21,212.07,1,1,0.70583
58,7,576.03,379.68,172.89,302.33,1,1,0.87514
58,9,1433.99,-0.15,132.19,110.93,1,1,0.75918
58,8,930.67,337.73,92.17,168.31,1,1,0.73423
59,0,1023.54,309.73,150.84,204.66,1,1,0.88723
59,1,1138.27,405.03,204.04,244.56,1,1,0.91093
59,2,1008.68,540.95,114.56,269.85,1,1,0.79184
59,3,831.77,400.35,163.17,295.98,1,1,0.87536
59,4,997.37,443.55,185.01,203.86,1,1,0.77813
59,5,225.51,409.68,174.63,294.2,1,1,0.90176
59,6,924.68,551.0,145.81,288.48,1,1,0.87037
59,10,87.35,415.42,168.06,262.68,1,1,0.8975
59,11,311.9,238.37,196.65,214.7,1,1,0.91044
59,12,436.78,368.25,162.66,245.22,1,1,0.89518
59,13,747.37,349.33,132.48,279.79,1,1,0.866
59,15,663.16,354.43,100.49,206.43,1,1,0.84033
59,7,565.98,376.29,173.33,306.15,1,1,0.88087
59,9,1426.57,-0.42,135.41,113.06,1,1,0.83498
60,0,1030.72,308.93,152.73,192.37,1,1,0.85858
60,1,1133.19,409.53,201.83,238.49,1,1,0.90579
60,2,999.4,543.07,121.32,256.44,1,1,0.67217
60,3,828.4,395.25,160.4,300.88,1,1,0.87058
60,4,997.2,464.07,175.57,185.51,1,1,0.81602
60,5,223.31,409.15,168.8,295.67,1,1,0.89866
60,6,924.44,549.86,148.67,288.91,1,1,0.88018
60,10,86.04,412.95,166.88,265.14,1,1,0.89657
60,11,315.46,234.66,197.23,221.59,1,1,0.91719
60,12,422.67,368.41,171.88,248.18,1,1,0.89981
60,13,741.13,349.66,138.7,277.6,1,1,0.87244
60,15,656.39,354.95,102.27,205.93,1,1,0.82842
60,7,558.23,374.76,173.51,307.6,1,1,0.88729
60,9,1416.56,-0.5,142.71,116.82,1,1,0.86059
60,18,974.56,389.63,103.97,177.87,1,1,0.77494
60,8,935.08,331.36,98.88,217.21,1,1,0.69605
61,0,1036.45,308.11,151.61,189.56,1,1,0.85439
61,1,1146.63,414.74,185.52,229.58,1,1,0.90538
61,3,826.86,391.47,157.52,303.68,1,1,0.87514
61,4,1023.85,471.09,146.18,216.08,1,1,0.81456
61,5,220.52,408.11,162.96,296.05,1,1,0.89258
61,6,924.68,548.39,149.1,287.77,1,1,0.88584
61,10,87.49,409.1,162.72,268.01,1,1,0.89263
61,11,326.67,231.3,189.49,226.65,1,1,0.91547
61,12,412.91,368.44,176.86,251.13,1,1,0.90053
61,13,736.42,349.71,140.58,275.34,1,1,0.86929
61,15,653.01,354.31,99.78,205.02,1,1,0.84172
61,7,553.87,374.84,175.69,304.22,1,1,0.89112
61,9,1411.43,-0.75,146.21,118.49,1,1,0.86362
61,18,970.88,389.05,111.52,186.06,1,1,0.82711
61,8,944.22,329.46,94.29,146.63,1,1,0.7001
62,0,1043.87,308.08,149.66,193.22,1,1,0.88813
62,1,1163.08,417.76,170.18,225.02,1,1,0.91048
62,3,825.92,388.43,156.05,304.97,1,1,0.88084
62,4,1041.77,472.87,147.22,232.2,1,1,0.85546
62,5,218.1,407.22,154.56,296.95,1,1,0.89139
62,6,926.75,547.93,152.03,286.84,1,1,0.89874
62,10,91.23,405.09,156.58,271.28,1,1,0.89041
62,11,343.27,229.42,176.16,231.08,1,1,0.91252
62,12,410.06,369.03,177.58,251.68,1,1,0.89938
62,13,734.63,351.06,141.37,272.54,1,1,0.87482
62,15,649.48,353.24,100.66,203.0,1,1,0.84273
62,7,552.04,375.7,177.58,300.5,1,1,0.88724
62,9,1410.83,-0.6,146.74,120.83,1,1,0.86728
62,18,967.42,387.34,113.01,195.54,1,1,0.82681
62,8,955.25,330.04,88.99,112.94,1,1,0.70516
63,0,1048.94,309.61,147.17,202.41,1,1,0.87956
63,1,1175.35,418.84,159.23,224.36,1,1,0.90158
63,3,823.66,384.78,154.69,307.72,1,1,0.88718
63,4,1059.17,474.09,161.72,241.49,1,1,0.86216
63,5,216.22,406.47,143.75,298.32,1,1,0.88599
63,6,927.93,549.44,156.7,283.99,1,1,0.90171
63,10,92.9,401.22,152.65,273.09,1,1,0.89134
63,11,358.46,228.57,165.3,235.61,1,1,0.91006
63,12,408.64,370.79,171.41,249.61,1,1,0.89913
63,13,731.21,353.96,143.34,264.89,1,1,0.87971
63,15,645.44,351.03,100.41,202.71,1,1,0.83502
63,7,548.72,375.23,179.8,301.15,1,1,0.89566
63,9,1410.64,-0.46,144.47,124.59,1,1,0.86415
63,18,959.98,385.57,124.76,211.32,1,1,0.83756
64,0,1050.31,312.5,146.71,215.76,1,1,0.89318
64,1,1170.49,417.25,165.36,226.44,1,1,0.9047
64,3,820.9,382.19,150.99,310.05,1,1,0.88591
64,4,1071.64,473.17,176.42,256.88,1,1,0.88112
64,5,214.58,403.4,136.44,301.74,1,1,0.88852
64,6,930.61,550.18,162.43,281.87,1,1,0.89786
64,10,89.86,397.45,154.79,271.45,1,1,0.89685
64,11,372.91,228.64,156.66,240.96,1,1,0.91271
64,12,406.71,372.73,169.44,248.52,1,1,0.8968
64,13,725.66,355.98,146.22,259.79,1,1,0.88366
64,15,639.95,348.99,99.17,196.09,1,1,0.83473
64,7,548.22,375.61,180.93,301.93,1,1,0.89208
64,9,1409.31,-0.46,139.94,128.35,1,1,0.87153
64,18,952.16,383.88,118.59,204.06,1,1,0.79397
65,0,1057.49,316.11,144.36,222.4,1,1,0.86781
65,1,1147.71,416.12,185.25,224.42,1,1,0.72094
65,3,820.49,379.31,146.14,311.07,1,1,0.8769
65,4,1087.69,470.27,194.2,267.21,1,1,0.84917
65,5,212.74,400.72,131.42,303.67,1,1,0.8889
65,6,931.36,550.61,168.72,278.1,1,1,0.91234
65,10,82.76,394.2,159.41,266.04,1,1,0.89769
65,11,382.52,230.43,150.51,242.44,1,1,0.91037
65,12,405.88,374.72,165.58,245.69,1,1,0.89029
65,13,719.73,357.5,149.25,257.63,1,1,0.8864
65,15,634.22,346.76,98.08,192.97,1,1,0.82509
65,7,546.7,376.47,180.96,301.12,1,1,0.8913
65,9,1402.21,-0.34,140.53,130.09,1,1,0.8956
65,18,951.83,380.29,113.63,205.08,1,1,0.81627
65,14,899.26,534.93,117.72,167.86,1,1,0.80916
66,0,1071.03,320.68,138.24,205.07,1,1,0.86668
66,1,1125.44,413.25,157.91,220.19,1,1,0.85677
66,3,818.63,376.19,147.29,309.64,1,1,0.87018
66,4,1132.74,469.16,186.54,270.03,1,1,0.89949
66,5,209.59,397.3,128.27,306.87,1,1,0.88367
66,6,932.12,549.92,173.22,275.6,1,1,0.90537
66,10,74.96,390.74,164.26,259.09,1,1,0.89545
66,11,386.29,233.98,149.34,240.92,1,1,0.90818
66,12,404.98,374.42,161.9,245.53,1,1,0.88451
66,13,712.67,358.19,151.38,255.38,1,1,0.8847
66,15,629.39,345.98,95.11,193.53,1,1,0.83378
66,7,545.51,377.58,179.08,300.62,1,1,0.88666
66,9,1393.99,-0.35,138.03,131.04,1,1,0.88657
66,18,951.33,375.28,112.24,213.03,1,1,0.73843
66,14,886.1,531.17,124.18,205.44,1,1,0.83789
67,0,1082.7,327.06,132.82,147.5,1,1,0.80925
67,1,1115.3,408.06,146.27,221.9,1,1,0.86166
67,3,814.79,373.48,146.96,308.52,1,1,0.88604
67,4,1174.49,466.91,180.62,272.33,1,1,0.91833
67,5,206.87,393.08,124.75,310.16,1,1,0.88245
67,6,932.53,548.71,181.28,272.67,1,1,0.90357
67,10,67.81,388.17,168.14,253.3,1,1,0.89804
67,11,388.33,239.12,146.64,236.54,1,1,0.90562
67,12,404.33,373.27,164.83,247.64,1,1,0.88012
67,13,704.43,359.97,155.15,252.7,1,1,0.89622
67,15,625.97,346.43,94.18,195.78,1,1,0.83839
67,7,542.66,379.01,175.63,300.17,1,1,0.87969
67,9,1387.04,-0.18,131.32,131.85,1,1,0.88576
67,18,941.59,374.38,112.24,222.73,1,1,0.8421
67,14,871.74,528.3,134.03,223.96,1,1,0.85106
67,20,994.09,338.22,101.3,218.58,1,1,0.8358
68,0,1097.06,333.15,154.23,177.81,1,1,0.85935
68,1,1110.57,406.03,145.77,222.14,1,1,0.88254
68,3,808.84,372.81,146.64,301.28,1,1,0.88001
68,4,1195.43,462.47,189.89,274.53,1,1,0.91983
68,5,202.61,390.35,122.76,307.85,1,1,0.87623
68,6,934.03,546.9,190.75,270.24,1,1,0.90515
68,10,64.01,386.76,167.02,255.12,1,1,0.8991
68,11,391.98,243.65,140.23,234.2,1,1,0.90483
68,12,405.61,372.2,162.35,249.5,1,1,0.87501
68,13,697.54,361.32,158.67,251.56,1,1,0.88914
68,15,624.21,347.98,91.71,199.85,1,1,0.82571
68,7,542.82,384.28,167.01,295.46,1,1,0.86412
68,9,1381.39,-0.03,128.82,130.54,1,1,0.8751
68,18,933.59,373.22,120.76,228.39,1,1,0.8496
68,14,857.53,527.38,148.98,229.85,1,1,0.84621
68,20,996.83,337.65,105.64,230.69,1,1,0.8542
69,0,1111.5,337.82,162.07,196.63,1,1,0.87689
69,1,1106.0,404.42,147.86,227.55,1,1,0.88769
69,3,800.37,371.54,153.94,288.97,1,1,0.87377
69,4,1212.09,456.87,199.51,272.29,1,1,0.91519
69,5,196.08,387.69,123.56,302.56,1,1,0.88305
69,6,937.73,543.91,194.48,271.51,1,1,0.91404
69,10,59.22,387.03,165.76,255.36,1,1,0.90378
69,11,398.03,245.71,130.59,235.61,1,1,0.91015
69,12,407.04,369.29,160.0,251.96,1,1,0.87162
69,13,688.67,361.79,164.83,255.89,1,1,0.88245
69,15,620.38,348.64,89.44,200.1,1,1,0.80064
69,7,543.41,386.95,160.11,292.83,1,1,0.85074
69,9,1375.49,-0.15,133.37,129.95,1,1,0.88994
69,18,927.93,371.42,129.95,234.12,1,1,0.86719
69,14,841.01,526.35,163.95,233.0,1,1,0.85465
69,20,1000.52,336.86,111.63,238.27,1,1,0.86768
70,0,1122.56,342.65,180.01,217.21,1,1,0.90666
70,1,1099.27,405.39,139.66,234.94,1,1,0.90081
70,3,803.7,370.87,149.07,273.28,1,1,0.76493
70,4,1230.93,451.96,205.88,259.83,1,1,0.92934
70,5,185.95,385.79,124.14,296.98,1,1,0.89761
70,6,946.81,541.16,193.49,273.75,1,1,0.91753
70,10,58.04,388.3,160.45,253.97,1,1,0.9041
70,11,405.94,247.12,120.24,234.27,1,1,0.90961
70,12,404.19,366.97,160.47,254.25,1,1,0.88279
70,13,681.06,362.12,164.72,262.78,1,1,0.87528
70,15,614.79,351.43,90.22,202.3,1,1,0.67581
70,7,538.84,385.27,157.31,294.01,1,1,0.8399
70,9,1369.38,0.1,136.13,129.78,1,1,0.88663
70,18,924.3,371.17,135.9,237.07,1,1,0.8739
70,14,822.69,521.22,179.06,244.86,1,1,0.88024
70,20,1000.08,336.92,119.53,240.27,1,1,0.87989
71,0,1129.16,346.65,189.71,224.35,1,1,0.9146
71,1,1090.4,408.21,128.88,239.43,1,1,0.88211
71,3,827.84,370.8,125.49,247.61,1,1,0.78664
71,4,1260.58,447.49,206.22,261.92,1,1,0.92128
71,5,179.06,382.38,122.69,294.3,1,1,0.90357
71,6,959.41,539.61,191.63,276.18,1,1,0.91871
71,10,57.59,390.74,155.24,251.3,1,1,0.89795
71,11,408.92,249.26,117.15,228.92,1,1,0.89547
71,12,398.76,366.68,159.19,253.56,1,1,0.88361
71,13,669.0,361.74,166.23,260.25,1,1,0.86684
71,15,564.87,357.04,131.01,193.16,1,1,0.65955
71,7,535.31,394.54,151.26,283.66,1,1,0.8362
71,9,1357.22,0.2,145.38,133.94,1,1,0.90443
71,18,913.66,369.98,145.43,236.68,1,1,0.82433
71,14,806.09,515.61,189.12,250.47,1,1,0.89214
71,20,999.27,337.95,130.52,246.94,1,1,0.86576
72,0,1134.91,349.39,192.2,228.55,1,1,0.91006
72,1,1072.45,414.04,134.81,235.03,1,1,0.86039
72,3,834.98,370.23,116.64,246.44,1,1,0.81331
72,4,1297.84,444.58,200.74,270.56,1,1,0.91377
72,5,171.6,378.97,126.64,295.06,1,1,0.89849
72,6,986.49,539.3,185.22,277.93,1,1,0.89175
72,10,56.42,394.74,149.76,247.65,1,1,0.8935
72,11,409.43,252.08,119.9,222.87,1,1,0.87941
72,12,394.04,366.77,159.78,253.12,1,1,0.88522
72,13,664.44,362.97,163.46,231.85,1,1,0.86252
72,7,529.37,383.71,155.45,294.44,1,1,0.84493
72,9,1340.48,0.4,159.66,140.56,1,1,0.91661
72,18,911.53,368.45,150.75,244.76,1,1,0.8685
72,14,780.97,511.02,209.51,253.31,1,1,0.89438
72,20,1005.52,339.23,135.51,248.79,1,1,0.85252
72,21,-0.37,188.73,43.32,307.23,1,1,0.73869
73,0,1141.15,350.61,189.24,230.5,1,1,0.91711
73,1,1053.77,420.48,145.34,216.69,1,1,0.85179
73,3,832.05,368.17,114.74,258.48,1,1,0.8141
73,4,1352.2,442.13,179.48,275.68,1,1,0.8822
73,5,163.82,376.65,130.13,296.18,1,1,0.90232
73,6,1013.33,538.03,181.15,280.14,1,1,0.91166
73,10,53.76,398.25,147.7,245.04,1,1,0.89464
73,11,408.45,255.42,130.45,219.71,1,1,0.87292
73,12,387.72,367.52,160.28,250.71,1,1,0.89279
73,13,662.3,365.05,163.06,213.01,1,1,0.85548
73,7,523.73,377.2,163.96,300.52,1,1,0.86324
73,9,1323.35,0.28,171.74,147.5,1,1,0.92069
73,18,910.56,367.24,150.75,251.6,1,1,0.88059
73,14,771.2,507.25,210.86,253.09,1,1,0.90195
73,20,1010.7,340.9,140.26,225.16,1,1,0.85764
73,21,-0.7,203.61,58.69,288.6,1,1,0.80926
74,0,1149.45,350.72,181.57,230.99,1,1,0.91269
74,1,1031.55,428.3,144.89,206.35,1,1,0.86051
74,3,826.35,368.4,119.09,288.83,1,1,0.85479
74,4,1412.35,440.58,152.24,277.59,1,1,0.89362
74,5,154.63,374.61,134.37,300.47,1,1,0.90175
74,6,1028.72,536.58,175.53,283.55,1,1,0.91579
74,10,48.83,400.24,148.24,244.24,1,1,0.89496
74,11,406.89,259.2,143.07,189.78,1,1,0.7999
74,12,379.61,367.71,162.89,250.24,1,1,0.89119
74,13,656.62,367.95,164.43,191.89,1,1,0.83289
74,7,522.27,375.68,167.36,299.37,1,1,0.87037
74,9,1316.46,0.49,169.33,149.54,1,1,0.91578
74,18,904.14,365.92,144.96,249.28,1,1,0.87114
74,14,758.69,502.86,201.65,243.83,1,1,0.89247
74,20,1020.92,342.13,142.08,213.75,1,1,0.86172
74,21,-0.77,202.16,86.83,280.05,1,1,0.8915
75,0,1156.58,349.81,174.23,231.03,1,1,0.91585
75,1,1002.74,432.68,158.48,212.1,1,1,0.86534
75,3,817.74,370.07,121.48,302.36,1,1,0.85421
75,4,1439.16,435.15,158.28,284.04,1,1,0.90542
75,5,151.1,373.76,131.83,304.12,1,1,0.89674
75,6,1039.85,534.38,175.34,286.85,1,1,0.91512
75,10,45.17,398.42,149.8,246.37,1,1,0.89891
75,11,408.81,263.52,143.7,171.16,1,1,0.79738
75,12,375.91,368.93,164.36,251.96,1,1,0.88601
75,13,660.14,370.83,159.32,175.49,1,1,0.81516
75,7,517.2,372.5,172.8,294.82,1,1,0.88195
75,9,1314.16,0.45,160.18,150.3,1,1,0.92191
75,18,896.74,362.78,142.57,250.41,1,1,0.87352
75,14,746.64,502.42,182.48,234.78,1,1,0.89196
75,20,1030.2,342.02,144.43,175.47,1,1,0.77871
75,21,-0.6,199.83,109.75,265.68,1,1,0.9076
76,0,1161.87,349.65,168.69,230.1,1,1,0.91217
76,1,979.96,437.76,175.44,217.07,1,1,0.8837
76,3,802.43,370.98,129.42,310.73,1,1,0.86151
76,4,1455.16,431.11,179.14,287.96,1,1,0.91203
76,5,150.02,372.58,127.53,307.84,1,1,0.88922
76,6,1050.66,530.58,177.64,289.95,1,1,0.9106
76,10,43.58,393.74,151.71,251.69,1,1,0.89193
76,11,419.05,268.27,137.51,151.52,1,1,0.80622
76,12,377.37,366.79,160.46,256.99,1,1,0.8765
76,13,663.5,372.56,156.44,169.41,1,1,0.84363
76,7,508.0,372.01,180.55,285.33,1,1,0.88355
76,9,1311.97,0.28,151.64,151.08,1,1,0.91379
76,18,894.32,360.71,135.31,250.1,1,1,0.85327
76,14,728.2,504.56,161.69,227.39,1,1,0.88015
76,20,1030.85,340.82,153.3,170.01,1,1,0.78571
76,21,-0.48,196.68,125.11,259.32,1,1,0.91139
77,0,1163.73,349.37,165.98,229.09,1,1,0.90564
77,1,968.36,444.28,184.16,213.94,1,1,0.88677
77,3,786.05,371.54,144.6,314.91,1,1,0.87652
77,4,1472.57,427.42,197.19,279.19,1,1,0.91081
77,5,150.08,371.96,123.29,309.67,1,1,0.88505
77,6,1068.47,529.25,173.61,283.68,1,1,0.90692
77,10,42.75,387.83,152.59,256.9,1,1,0.89138
77,11,437.76,274.4,119.42,136.17,1,1,0.81481
77,12,380.03,365.89,155.53,257.69,1,1,0.88394
77,13,662.44,373.29,156.69,182.56,1,1,0.82975
77,7,498.86,369.27,188.98,283.2,1,1,0.89483
77,9,1307.97,0.27,146.68,151.36,1,1,0.89956
77,18,892.53,361.58,127.3,242.77,1,1,0.85993
77,14,710.07,507.65,157.09,223.88,1,1,0.87217
77,20,1033.7,337.96,160.47,210.76,1,1,0.8428
77,21,-0.21,192.49,136.92,261.07,1,1,0.91808
78,0,1165.14,346.98,165.96,229.55,1,1,0.9019
78,1,964.55,448.22,179.07,209.52,1,1,0.87925
78,3,778.08,371.53,152.08,314.1,1,1,0.88253
78,4,1495.92,424.61,211.71,274.87,1,1,0.91086
78,5,151.94,370.52,120.94,310.56,1,1,0.87965
78,6,1091.19,529.0,165.33,278.18,1,1,0.89901
78,10,43.04,382.71,152.59,260.99,1,1,0.8911
78,11,451.26,280.54,103.35,130.82,1,1,0.80347
78,12,382.04,362.3,148.07,261.14,1,1,0.88786
78,13,661.8,372.81,153.09,189.47,1,1,0.839
78,7,490.93,371.41,193.5,278.32,1,1,0.88369
78,9,1303.56,0.09,143.43,151.21,1,1,0.90619
78,18,888.38,363.0,129.84,235.8,1,1,0.8573
78,14,685.93,505.11,170.79,227.85,1,1,0.8802
78,20,1053.47,334.35,151.07,231.88,1,1,0.84841
78,21,0.16,187.85,143.43,264.21,1,1,0.92214
78,15,557.45,362.67,126.27,171.92,1,1,0.64754
79,0,1165.54,343.68,173.61,229.69,1,1,0.90599
79,1,964.35,450.37,177.56,207.08,1,1,0.90136
79,3,773.48,370.27,157.01,312.41,1,1,0.88541
79,4,1548.26,423.34,195.12,276.23,1,1,0.90146
79,5,152.64,366.88,121.3,311.39,1,1,0.89352
79,6,1119.18,530.78,155.75,272.86,1,1,0.89615
79,10,45.18,376.74,152.5,265.53,1,1,0.89345
79,12,383.67,362.02,138.1,261.87,1,1,0.89546
79,13,662.74,370.33,149.7,199.81,1,1,0.84339
79,7,492.63,368.94,185.44,281.38,1,1,0.88163
79,9,1298.8,0.04,143.79,150.63,1,1,0.91605
79,18,885.7,364.59,132.68,233.27,1,1,0.86295
79,14,664.8,501.96,190.87,231.58,1,1,0.89233
79,20,1072.96,329.92,141.41,240.01,1,1,0.87654
79,21,1.05,181.26,152.9,269.29,1,1,0.92396
79,15,566.66,365.4,115.11,184.13,1,1,0.74694
80,0,1167.04,338.04,197.77,233.39,1,1,0.90298
80,1,966.65,450.64,175.22,206.9,1,1,0.90505
80,3,771.74,368.9,159.13,308.64,1,1,0.88995
80,4,1591.45,421.25,187.2,279.73,1,1,0.90647
80,5,154.11,363.9,123.19,309.53,1,1,0.88622
80,6,1136.89,531.77,152.94,271.31,1,1,0.89133
80,10,47.14,372.51,153.56,267.94,1,1,0.88011
80,12,383.96,364.93,126.71,258.27,1,1,0.88566
80,13,664.44,366.98,147.04,210.35,1,1,0.85835
80,7,488.33,368.89,170.16,282.18,1,1,0.86286
80,9,1289.31,0.03,150.75,151.42,1,1,0.92018
80,18,884.31,366.41,134.27,231.13,1,1,0.87029
80,14,644.49,498.09,206.21,233.2,1,1,0.90628
80,20,1087.04,325.13,139.75,247.22,1,1,0.86903
80,21,2.02,173.12,164.6,275.79,1,1,0.92029
80,15,565.09,365.44,108.23,181.84,1,1,0.76593
80,11,463.69,286.37,92.34,116.42,1,1,0.78289
81,0,1169.97,332.2,217.4,237.98,1,1,0.90822
81,1,969.9,449.9,174.93,208.05,1,1,0.9043
81,3,768.51,368.34,160.61,302.21,1,1,0.889
81,4,1655.94,419.7,154.61,282.77,1,1,0.86373
81,5,155.43,360.84,124.12,304.17,1,1,0.8892
81,6,1144.94,532.45,158.24,271.67,1,1,0.89857
81,10,46.01,368.55,153.67,268.82,1,1,0.87958
81,12,383.18,371.33,113.72,250.71,1,1,0.86976
81,13,664.29,365.16,145.78,216.11,1,1,0.87014
81,7,484.17,366.62,160.8,282.25,1,1,0.86743
81,9,1276.81,0.02,161.66,154.57,1,1,0.92562
81,18,884.0,368.08,136.43,231.93,1,1,0.86554
81,14,618.17,490.88,218.82,239.03,1,1,0.9116
81,20,1101.12,321.62,139.19,249.99,1,1,0.88174
81,21,3.86,167.09,176.85,278.25,1,1,0.90835
81,15,564.51,364.0,105.75,186.42,1,1,0.76609
81,11,466.32,289.03,94.02,113.71,1,1,0.73525
82,0,1174.23,323.98,238.08,244.42,1,1,0.9059
82,1,970.85,446.37,185.72,211.5,1,1,0.8963
82,3,763.02,367.55,164.04,298.65,1,1,0.89687
82,4,1695.82,415.39,156.97,287.14,1,1,0.88879
82,5,154.32,357.87,126.01,299.47,1,1,0.89264
82,6,1148.22,531.96,167.17,273.2,1,1,0.90843
82,10,42.11,364.5,155.34,270.53,1,1,0.8881
82,12,375.61,376.92,108.99,245.46,1,1,0.85376
82,13,660.23,363.84,148.36,218.21,1,1,0.86211
82,7,475.81,368.06,159.3,276.36,1,1,0.85935
82,9,1267.18,0.19,168.32,156.48,1,1,0.92087
82,18,879.93,368.54,141.47,234.0,1,1,0.86709
82,14,595.63,486.24,214.2,244.7,1,1,0.90042
82,20,1114.8,317.59,137.68,252.62,1,1,0.87981
82,21,18.34,162.07,175.61,277.19,1,1,0.90044
82,15,562.57,360.96,108.8,175.33,1,1,0.76706
82,11,466.49,291.86,101.26,109.52,1,1,0.81479
83,0,1183.88,318.76,248.59,249.45,1,1,0.9075
83,1,966.84,442.22,188.82,216.32,1,1,0.90612
83,3,752.07,368.55,169.59,295.86,1,1,0.90105
83,4,1713.94,411.83,163.41,288.28,1,1,0.91403
83,5,147.6,355.14,127.53,297.56,1,1,0.88886
83,6,1147.09,530.08,180.18,273.5,1,1,0.92953
83,10,31.41,362.31,159.68,273.83,1,1,0.89377
83,12,363.18,384.34,108.76,237.9,1,1,0.841
83,13,647.43,364.25,154.71,221.63,1,1,0.86937
83,7,457.89,372.18,160.21,268.85,1,1,0.86027
83,9,1260.09,1.09,165.78,157.25,1,1,0.92131
83,18,874.25,369.17,142.28,235.68,1,1,0.86198
83,14,568.81,482.27,198.47,251.32,1,1,0.89136
83,20,1122.25,314.15,139.74,268.44,1,1,0.8981
83,21,40.32,158.61,158.08,274.3,1,1,0.89555
83,15,556.57,357.69,117.52,181.28,1,1,0.79683
83,11,464.28,297.36,104.47,105.22,1,1,0.78184
84,0,1182.75,316.59,252.46,251.97,1,1,0.90944
84,1,957.16,439.99,193.05,220.45,1,1,0.90421
84,3,735.85,370.46,174.07,294.55,1,1,0.90007
84,4,1722.06,407.59,174.64,288.84,1,1,0.92564
84,5,133.59,354.26,130.03,297.74,1,1,0.88071
84,6,1141.04,530.26,199.8,276.66,1,1,0.93576
84,10,10.26,362.6,164.13,277.51,1,1,0.90131
84,12,343.57,391.93,117.94,230.59,1,1,0.85941
84,13,630.49,366.45,158.19,220.1,1,1,0.87015
84,7,434.57,377.11,154.99,247.29,1,1,0.84894
84,9,1248.84,1.63,161.5,158.8,1,1,0.91717
84,18,859.57,368.82,146.94,239.06,1,1,0.85242
84,14,536.7,484.41,176.91,254.7,1,1,0.88361
84,20,1122.78,311.93,144.42,266.54,1,1,0.8927
84,21,55.51,156.06,138.28,267.12,1,1,0.88865
84,15,545.25,356.5,112.54,179.8,1,1,0.76412
84,11,451.2,301.83,106.21,109.6,1,1,0.80644
85,0,1191.32,317.52,231.1,245.24,1,1,0.91823
85,1,946.58,435.69,200.35,225.71,1,1,0.90913
85,3,720.77,370.71,171.31,293.94,1,1,0.90292
85,4,1728.71,402.73,187.31,277.68,1,1,0.93969
85,5,118.82,353.57,133.08,298.16,1,1,0.89513
85,6,1138.18,530.78,207.33,278.81,1,1,0.94757
85,10,-1.63,363.6,157.53,279.87,1,1,0.9162
85,12,319.94,395.91,118.38,229.81,1,1,0.88327
85,13,620.45,368.35,154.9,223.64,1,1,0.87349
85,7,416.29,380.26,143.81,233.8,1,1,0.82153
85,9,1236.48,1.41,162.0,160.06,1,1,0.94277
85,18,844.05,365.53,149.85,246.49,1,1,0.86244
85,14,497.14,485.77,165.68,254.32,1,1,0.89589
85,20,1121.76,308.44,151.58,259.63,1,1,0.9028
85,21,55.98,151.74,132.7,251.76,1,1,0.88806
85,15,526.22,354.0,117.41,187.71,1,1,0.83729
85,11,438.81,305.35,104.5,110.89,1,1,0.82138
86,0,1193.43,322.27,209.94,244.76,1,1,0.90746
86,1,935.35,435.33,205.55,231.38,1,1,0.89353
86,3,704.75,375.45,169.47,294.7,1,1,0.89647
86,4,1737.04,399.73,186.31,276.55,1,1,0.91631
86,5,102.79,358.13,129.65,299.78,1,1,0.88132
86,6,1132.79,535.54,213.72,281.87,1,1,0.92574
86,10,-6.78,367.88,143.65,281.94,1,1,0.90614
86,12,287.96,403.08,123.8,237.08,1,1,0.8788
86,13,602.71,373.36,154.5,225.3,1,1,0.85818
86,7,387.8,383.31,135.76,237.42,1,1,0.83738
86,9,1218.42,2.4,169.17,166.02,1,1,0.91691
86,18,820.56,364.77,156.79,253.17,1,1,0.8538
86,14,454.53,488.16,174.48,256.94,1,1,0.89604
86,20,1118.64,306.83,158.36,260.38,1,1,0.88594
86,21,43.46,149.83,137.98,252.43,1,1,0.89565
86,15,502.87,355.19,116.01,198.31,1,1,0.81823
86,11,420.81,311.65,106.4,122.06,1,1,0.83866
87,0,1203.58,328.26,180.85,245.97,1,1,0.8914
87,1,927.21,435.61,211.3,236.86,1,1,0.88815
87,3,691.45,378.74,161.85,298.03,1,1,0.8774
87,4,1752.3,397.76,172.54,278.32,1,1,0.91411
87,5,82.6,363.37,126.77,301.02,1,1,0.87583
87,6,1133.76,534.95,213.78,288.05,1,1,0.91714
87,10,-7.95,372.2,119.44,283.59,1,1,0.89482
87,12,255.58,407.52,130.59,241.48,1,1,0.88306
87,13,585.36,379.27,154.27,232.21,1,1,0.871
87,7,356.28,388.1,132.99,218.21,1,1,0.77455
87,9,1198.05,2.44,185.56,171.84,1,1,0.91638
87,18,801.42,362.39,163.65,263.85,1,1,0.86287
87,14,407.47,490.6,190.62,261.12,1,1,0.89646
87,20,1115.61,307.76,162.85,261.98,1,1,0.88435
87,21,32.07,151.63,140.64,249.14,1,1,0.88712
87,15,476.21,356.16,123.9,210.01,1,1,0.84605
87,11,402.5,316.03,105.63,129.1,1,1,0.82111
88,0,1197.59,330.99,171.54,240.53,1,1,0.88945
88,1,922.46,435.61,201.73,237.96,1,1,0.89733
88,3,673.76,380.52,150.73,299.16,1,1,0.87286
88,4,1771.75,395.6,150.02,278.52,1,1,0.92493
88,5,54.68,369.03,125.61,300.42,1,1,0.88427
88,6,1127.75,521.79,203.53,301.59,1,1,0.91768
88,10,-9.28,374.85,89.51,271.67,1,1,0.87766
88,12,216.25,409.69,133.13,240.93,1,1,0.89058
88,13,557.64,382.25,152.23,244.38,1,1,0.87502
88,9,1170.83,1.67,206.46,174.61,1,1,0.93856
88,18,773.49,358.86,174.13,270.48,1,1,0.87785
88,14,353.12,489.42,201.59,258.65,1,1,0.8914
88,20,1100.25,307.73,166.4,260.17,1,1,0.89419
88,21,13.99,151.11,142.17,251.98,1,1,0.90528
88,15,444.55,354.51,128.09,219.88,1,1,0.87742
88,11,374.02,316.0,107.32,134.98,1,1,0.84071
89,0,1164.94,333.42,158.48,220.17,1,1,0.86891
89,1,863.19,441.32,188.95,234.68,1,1,0.87146
89,3,604.04,381.19,154.57,295.81,1,1,0.90583
89,4,1734.85,392.26,161.83,275.84,1,1,0.91599
89,5,-5.79,368.69,115.91,302.33,1,1,0.89695
89,6,1067.59,516.33,195.23,308.29,1,1,0.93365
89,13,483.04,384.39,140.29,258.43,1,1,0.81156
89,9,1141.08,1.37,189.89,174.13,1,1,0.81056
89,18,691.71,357.53,179.68,255.22,1,1,0.82913
89,14,251.58,463.75,206.58,281.82,1,1,0.90329
89,20,1030.26,307.8,170.26,254.87,1,1,0.89203
89,21,-17.6,151.37,126.99,253.31,1,1,0.89034
90,0,1069.94,333.78,156.96,221.33,1,1,0.86583
90,1,756.88,441.54,210.6,238.75,1,1,0.82752
90,3,486.81,380.87,162.85,293.58,1,1,0.85582
90,4,1640.6,386.44,197.58,286.36,1,1,0.9128
90,6,979.39,519.54,183.76,305.61,1,1,0.90468
90,13,364.45,386.81,138.29,268.44,1,1,0.79001
90,9,1035.25,1.26,185.66,179.48,1,1,0.78282
90,14,116.02,457.69,194.2,291.52,1,1,0.83395
90,20,930.78,307.51,173.31,256.23,1,1,0.87055
90,12,5.35,405.88,122.4,253.66,1,1,0.75959
91,0,983.01,334.12,151.82,221.91,1,1,0.85955
91,1,684.98,446.19,192.25,226.51,1,1,0.74869
91,3,365.95,380.64,171.23,289.16,1,1,0.85106
91,4,1556.05,381.95,208.4,285.77,1,1,0.90868
91,6,899.09,517.52,172.32,307.57,1,1,0.90142
91,13,249.21,387.24,139.1,261.75,1,1,0.79166
91,9,911.26,0.99,225.86,184.1,1,1,0.88519
91,14,-2.5,478.82,165.62,274.21,1,1,0.86304
91,20,837.45,308.37,167.24,254.66,1,1,0.85403
91,15,135.29,337.83,117.6,224.51,1,1,0.74175
91,11,55.28,315.63,125.93,149.89,1,1,0.64676
91,18,473.43,357.65,169.47,240.83,1,1,0.77044
92,0,915.33,335.23,138.57,225.45,1,1,0.84294
92,1,590.48,445.23,210.19,235.01,1,1,0.86498
92,3,263.77,389.3,183.02,278.45,1,1,0.8635
92,4,1483.04,377.15,217.63,279.41,1,1,0.90646
92,6,819.99,510.97,174.4,313.59,1,1,0.89788
92,13,152.59,390.32,135.17,237.15,1,1,0.64001
92,9,823.48,0.68,233.1,185.57,1,1,0.90956
92,14,-33.4,474.27,85.51,289.01,1,1,0.74976
92,20,760.12,308.76,165.75,252.32,1,1,0.86872
92,22,1676.5,96.59,165.45,294.98,1,1,0.80997
92,15,40.15,335.49,121.6,229.3,1,1,0.7422
92,18,375.3,349.57,175.31,248.23,1,1,0.83059
93,0,844.7,337.45,136.13,228.47,1,1,0.84997
93,1,500.6,446.78,226.32,242.16,1,1,0.89237
93,3,171.27,395.82,178.14,273.21,1,1,0.85463
93,4,1420.08,375.08,223.66,271.27,1,1,0.91426
93,6,745.37,511.24,172.97,317.02,1,1,0.89627
93,13,64.4,398.62,137.5,246.79,1,1,0.80455
93,9,750.5,3.32,228.52,186.46,1,1,0.91824
93,20,687.09,310.27,176.05,251.34,1,1,0.88088
93,22,1588.62,143.61,150.75,255.99,1,1,0.79311
93,15,-15.06,331.29,89.78,250.93,1,1,0.75262
93,18,287.93,343.29,167.68,258.65,1,1,0.83217
94,0,781.27,341.18,132.57,234.18,1,1,0.83552
94,1,423.86,450.31,234.05,253.3,1,1,0.8907
94,3,78.61,401.11,188.86,273.07,1,1,0.86499
94,4,1371.36,375.59,217.17,269.51,1,1,0.89578
94,6,668.86,508.3,172.67,325.64,1,1,0.87794
94,13,-6.48,404.72,114.62,237.54,1,1,0.83539
94,9,669.09,2.84,235.94,194.14,1,1,0.90514
94,20,618.08,311.95,177.77,252.31,1,1,0.87341
94,22,1486.99,170.29,139.78,241.61,1,1,0.7528
94,18,201.1,354.63,148.49,251.01,1,1,0.8321
94,23,1443.33,108.33,186.53,285.15,1,1,0.74354
95,0,718.1,344.9,133.62,235.51,1,1,0.84592
95,1,359.37,452.91,224.11,260.51,1,1,0.90009
95,3,-1.74,405.53,161.36,273.17,1,1,0.88149
95,4,1330.33,377.63,198.59,271.17,1,1,0.91034
95,6,597.35,523.81,178.24,309.53,1,1,0.89003
95,9,587.38,2.68,239.15,199.11,1,1,0.90853
95,20,550.16,314.57,177.67,254.12,1,1,0.87857
95,18,112.83,372.17,138.64,259.24,1,1,0.86065
95,23,1339.49,117.82,175.14,233.55,1,1,0.847
96,0,648.5,349.53,137.39,234.33,1,1,0.84942
96,1,303.31,462.09,205.04,262.65,1,1,0.87467
96,3,-26.1,407.95,97.91,275.44,1,1,0.7433
96,4,1289.37,384.06,178.34,269.09,1,1,0.89461
96,6,524.9,535.54,182.43,301.5,1,1,0.88491
96,9,503.33,3.86,243.01,211.71,1,1,0.90087
96,20,474.21,317.72,177.77,257.78,1,1,0.85302
96,18,25.72,383.11,136.55,249.5,1,1,0.79948
96,23,1224.46,125.1,175.64,202.22,1,1,0.73414
96,22,1250.27,190.95,163.37,234.36,1,1,0.80172
97,0,572.26,352.11,151.02,245.51,1,1,0.87469
97,1,248.29,466.41,187.06,264.26,1,1,0.87969
97,4,1219.68,385.2,189.42,270.52,1,1,0.90937
97,6,455.07,544.9,181.95,296.34,1,1,0.89988
97,9,423.18,6.33,238.26,223.24,1,1,0.90328
97,20,395.35,318.23,182.31,267.71,1,1,0.86403
97,18,-17.78,389.1,103.46,268.56,1,1,0.82875
97,23,1087.4,133.06,195.49,189.46,1,1,0.82879
97,22,1131.67,202.46,176.6,232.49,1,1,0.86679
98,0,486.58,351.93,159.67,257.6,1,1,0.8776
98,1,157.66,472.52,201.25,263.34,1,1,0.86498
98,4,1136.38,382.76,201.07,272.67,1,1,0.9102
98,6,377.72,551.64,175.55,294.92,1,1,0.89194
98,9,341.81,7.91,229.7,229.22,1,1,0.89993
98,20,316.13,321.24,179.01,270.87,1,1,0.86203
98,23,974.73,139.51,190.47,183.34,1,1,0.73334
98,22,1010.74,203.85,179.3,241.74,1,1,0.82437
99,0,402.52,350.95,180.75,261.45,1,1,0.86909
99,1,89.34,472.5,196.91,262.28,1,1,0.84812
99,4,1060.24,376.9,210.27,277.24,1,1,0.9097
99,6,308.66,557.15,159.58,297.0,1,1,0.88298
99,9,276.37,11.22,206.18,229.38,1,1,0.89697
99,20,243.23,324.08,172.87,271.26,1,1,0.86627
99,22,902.67,197.84,176.52,252.05,1,1,0.81407
100,0,323.81,353.1,186.79,257.69,1,1,0.87771
100,1,10.68,473.79,210.49,258.75,1,1,0.88201
100,4,1003.68,372.68,213.29,273.92,1,1,0.90388
100,6,250.62,558.23,143.95,300.55,1,1,0.87582
100,9,223.31,15.63,184.53,226.53,1,1,0.89376
100,20,171.18,324.3,179.08,273.2,1,1,0.88861
100,22,811.63,209.66,170.27,240.87,1,1,0.85566
101,0,272.46,353.4,186.3,261.55,1,1,0.90758
101,1,-17.73,472.97,187.99,256.26,1,1,0.89718
101,4,962.63,367.84,210.25,272.82,1,1,0.90891
101,6,197.56,570.44,138.23,289.2,1,1,0.88303
101,9,158.26,18.97,187.34,223.77,1,1,0.88861
101,20,108.15,322.26,178.51,276.91,1,1,0.87825
101,22,725.58,216.64,174.96,233.19,1,1,0.88296
101,23,668.39,152.5,175.22,191.4,1,1,0.85539
102,0,235.32,354.25,175.56,260.81,1,1,0.92633
102,1,-22.01,470.87,141.09,258.61,1,1,0.91046
102,4,937.36,368.42,192.4,267.81,1,1,0.92257
102,6,140.25,574.14,144.55,286.34,1,1,0.91626
102,9,94.6,20.82,194.44,219.24,1,1,0.91675
102,20,47.08,320.42,179.15,251.8,1,1,0.88535
102,22,641.16,216.33,178.76,231.56,1,1,0.88915
102,23,577.92,156.07,174.62,193.49,1,1,0.86316
103,0,192.45,351.9,175.08,259.67,1,1,0.91255
103,1,-16.53,467.05,90.03,263.22,1,1,0.83832
103,4,919.86,367.17,166.24,268.24,1,1,0.90319
103,6,83.36,576.2,149.26,290.72,1,1,0.90489
103,9,35.47,21.07,204.81,218.33,1,1,0.91245
103,20,-1.76,318.07,167.61,267.01,1,1,0.90234
103,22,557.32,211.9,200.88,233.04,1,1,0.90056
103,23,480.13,159.23,188.51,190.94,1,1,0.87596
104,0,145.05,348.74,187.86,260.5,1,1,0.91148
104,4,895.17,363.52,154.43,270.11,1,1,0.90069
104,6,25.69,576.7,160.68,297.25,1,1,0.91023
104,9,-6.73,21.65,201.07,215.62,1,1,0.9159
104,20,-16.73,315.56,122.85,280.19,1,1,0.90586
104,22,483.9,208.53,205.44,232.82,1,1,0.86532
104,23,393.96,164.21,198.78,190.56,1,1,0.89562
105,0,95.26,342.7,195.55,262.99,1,1,0.91172
105,4,857.05,358.12,160.41,278.14,1,1,0.89525
105,6,-7.55,574.33,158.16,305.32,1,1,0.9209
105,9,-19.6,22.39,171.83,215.74,1,1,0.91231
105,20,-14.9,302.09,64.99,299.65,1,1,0.84374
105,22,415.05,206.12,205.04,229.27,1,1,0.90424
105,23,318.18,166.93,200.94,192.76,1,1,0.89573
106,0,42.24,338.23,199.73,263.94,1,1,0.89822
106,4,821.06,349.47,169.37,287.17,1,1,0.89534
106,6,-17.12,572.42,141.67,311.31,1,1,0.90734
106,9,-18.93,23.46,137.33,216.78,1,1,0.88931
106,22,351.16,205.14,203.36,224.8,1,1,0.89643
106,23,252.75,168.09,198.89,193.63,1,1,0.89375
107,0,1.99,335.07,188.83,262.27,1,1,0.90313
107,4,787.56,342.05,180.94,290.22,1,1,0.8955
107,6,-16.71,571.47,115.85,317.1,1,1,0.87888
107,9,-14.26,26.54,99.2,217.27,1,1,0.85476
107,22,289.37,203.08,206.46,223.64,1,1,0.89413
107,23,193.67,169.71,196.17,194.34,1,1,0.88641
108,0,-12.01,333.08,166.79,263.47,1,1,0.90726
108,4,769.55,333.0,182.89,293.08,1,1,0.87626
108,6,-12.45,565.95,79.32,331.86,1,1,0.78219
108,9,-7.91,27.14,70.0,206.56,1,1,0.83852
108,22,236.77,197.61,196.6,227.67,1,1,0.89563
108,23,144.34,169.95,189.94,196.28,1,1,0.8888
109,0,-13.68,329.51,145.36,265.7,1,1,0.90105
109,4,763.38,332.58,168.76,289.26,1,1,0.87572
109,9,-3.5,30.09,35.45,215.63,1,1,0.78266
109,22,191.65,191.74,187.07,233.83,1,1,0.89668
109,23,100.25,170.48,183.06,197.65,1,1,0.89835
110,0,-11.35,326.91,126.21,270.53,1,1,0.87964
110,4,761.77,314.66,153.41,311.19,1,1,0.85438
110,22,151.02,185.83,178.76,238.38,1,1,0.89577
110,23,62.11,168.54,175.37,197.53,1,1,0.88226
111,0,-8.25,320.59,105.3,277.75,1,1,0.87555
111,4,759.14,305.24,145.65,324.89,1,1,0.87552
111,22,114.73,178.84,167.18,240.47,1,1,0.90219
111,23,33.46,166.26,165.15,195.98,1,1,0.88683
112,0,-4.83,308.78,81.44,282.03,1,1,0.78374
112,4,740.69,290.53,163.27,343.06,1,1,0.87482
112,22,82.43,174.47,159.48,237.99,1,1,0.88853
112,23,7.61,163.6,157.63,187.27,1,1,0.85411
113,0,-2.3,300.99,58.36,282.52,1,1,0.79947
113,4,721.0,285.83,184.58,349.65,1,1,0.8826
113,22,50.8,173.54,162.01,237.89,1,1,0.86374
113,23,-0.08,162.51,138.75,182.6,1,1,0.8349
114,0,-0.69,293.14,52.49,293.25,1,1,0.76472
114,4,707.57,291.26,205.82,341.13,1,1,0.87069
114,22,32.15,172.64,157.19,232.21,1,1,0.84225
114,23,-9.63,158.38,125.24,185.57,1,1,0.83235
115,0,0.33,284.89,39.74,295.17,1,1,0.75009
115,4,707.88,300.83,220.79,316.75,1,1,0.88899
115,22,14.93,170.7,153.75,219.89,1,1,0.84927
115,23,-10.6,159.69,103.09,182.31,1,1,0.84527
116,0,0.75,286.61,35.91,289.23,1,1,0.7507
116,4,717.9,310.26,223.0,299.07,1,1,0.90999
116,22,0.81,167.29,147.5,211.36,1,1,0.869
116,23,-7.54,160.39,80.3,182.8,1,1,0.80401
117,0,1.39,285.96,35.83,284.41,1,1,0.7793
117,4,739.27,315.54,206.1,295.45,1,1,0.92341
117,22,-3.01,162.36,134.92,213.07,1,1,0.89827
117,23,-4.14,159.96,65.04,183.94,1,1,0.77706
118,0,2.13,269.05,38.99,292.97,1,1,0.65151
118,4,768.16,323.21,175.04,292.57,1,1,0.91992
118,22,-5.9,157.24,124.83,225.91,1,1,0.89635
119,0,3.08,256.95,46.96,298.15,1,1,0.68702
119,4,802.35,330.21,147.27,289.82,1,1,0.90625
119,22,-5.05,153.7,117.13,222.07,1,1,0.87762
119,23,-2.23,155.28,44.65,197.67,1,1,0.73522
120,0,4.35,274.74,61.41,271.82,1,1,0.79402
120,4,822.23,338.8,143.86,283.03,1,1,0.91914
120,22,-4.03,153.15,116.42,216.62,1,1,0.86734
120,23,-1.28,155.34,37.36,199.84,1,1,0.74289
121,4,823.67,335.0,159.62,292.6,1,1,0.89429
121,22,-2.94,145.49,127.99,335.42,1,1,0.78264
122,4,825.56,325.51,185.1,305.84,1,1,0.88025
122,22,-2.25,138.78,138.11,293.28,1,1,0.846
122,0,6.44,297.34,86.33,253.93,1,1,0.80043
123,4,831.32,319.91,209.04,308.7,1,1,0.88096
123,22,-1.25,137.73,144.16,266.28,1,1,0.87429
123,0,7.31,301.62,99.36,252.65,1,1,0.81984
124,4,856.08,333.2,196.04,288.06,1,1,0.94705
124,22,-0.95,142.03,150.56,244.0,1,1,0.91951
124,0,7.13,307.97,117.04,244.05,1,1,0.92376
125,4,882.86,346.44,173.11,278.35,1,1,0.94461
125,22,-0.46,147.18,155.78,244.68,1,1,0.90718
125,0,7.08,315.57,127.85,239.76,1,1,0.94994
125,23,-0.15,52.26,32.26,261.36,1,1,0.75688
126,4,910.45,357.45,153.54,277.26,1,1,0.91866
126,22,-1.36,158.42,157.17,241.29,1,1,0.89638
126,0,5.41,323.74,138.5,242.71,1,1,0.93276
126,23,-0.62,50.28,37.83,249.2,1,1,0.82435
127,4,940.42,364.12,137.9,281.12,1,1,0.89901
127,22,-1.27,171.34,152.14,245.94,1,1,0.89465
127,0,5.08,330.86,150.66,246.57,1,1,0.92566
127,23,-0.39,55.82,46.25,241.68,1,1,0.8063
128,4,959.02,374.44,134.43,281.68,1,1,0.93005
128,22,-0.78,184.16,143.4,233.46,1,1,0.91775
128,0,5.18,338.42,163.12,249.29,1,1,0.94687
128,23,0.05,65.14,58.79,244.41,1,1,0.86655
129,4,963.12,383.31,147.97,280.3,1,1,0.93911
129,22,-0.53,196.48,130.16,234.8,1,1,0.90217
129,0,5.18,344.61,177.71,248.67,1,1,0.94662
129,23,0.15,75.61,79.39,225.68,1,1,0.84897
130,4,972.16,391.93,155.8,262.31,1,1,0.92988
130,22,-0.04,208.9,122.46,228.7,1,1,0.90144
130,0,5.24,352.58,190.75,240.5,1,1,0.94391
130,23,0.69,89.63,95.3,206.63,1,1,0.86955
131,4,1000.78,402.62,146.47,257.35,1,1,0.9333
131,22,4.84,221.32,122.36,228.14,1,1,0.92472
131,0,20.36,361.99,194.62,239.12,1,1,0.94161
131,23,7.29,105.56,109.82,216.42,1,1,0.85013
131,25,1.43,517.45,58.25,275.81,1,1,0.88314
132,4,1017.21,414.7,138.52,260.93,1,1,0.92278
132,22,6.18,235.38,128.31,232.14,1,1,0.91817
132,0,45.01,371.61,186.76,241.76,1,1,0.94372
132,23,10.02,118.17,128.38,206.04,1,1,0.90007
132,25,2.97,529.55,71.99,280.15,1,1,0.92714
133,4,1040.16,425.37,122.86,264.94,1,1,0.92331
133,22,3.85,247.55,137.21,237.4,1,1,0.91043
133,0,72.89,381.11,172.57,245.94,1,1,0.93324
133,23,8.54,130.96,148.13,217.77,1,1,0.90085
133,25,0.26,541.97,76.06,281.98,1,1,0.91952
134,4,1052.03,432.66,127.55,270.3,1,1,0.86858
134,22,3.57,260.52,142.79,240.83,1,1,0.90902
134,0,89.26,391.16,166.76,248.46,1,1,0.93595
134,23,5.56,145.38,159.98,217.98,1,1,0.90726
134,25,-1.91,553.84,79.31,283.98,1,1,0.91604
135,4,1062.73,439.38,133.95,276.5,1,1,0.91199
135,22,1.2,271.23,147.24,244.25,1,1,0.9248
135,0,91.9,399.84,175.72,250.6,1,1,0.92932
135,23,3.83,161.86,174.63,222.29,1,1,0.90316
135,25,-2.59,568.05,94.08,282.95,1,1,0.91536
136,4,1068.31,445.0,142.67,276.1,1,1,0.9131
136,22,0.68,276.9,160.33,252.43,1,1,0.90556
136,0,96.26,408.26,187.95,239.88,1,1,0.91696
136,23,52.35,177.27,150.74,203.28,1,1,0.8331
136,25,-2.45,578.29,111.0,285.72,1,1,0.92227
137,4,1077.33,450.13,152.21,264.22,1,1,0.91829
137,22,3.38,283.5,172.83,241.04,1,1,0.89905
137,0,108.78,416.19,193.41,233.74,1,1,0.91615
137,23,99.97,189.24,122.07,196.59,1,1,0.86318
137,25,0.84,583.41,129.12,289.33,1,1,0.91472
138,4,1088.83,456.09,150.1,261.55,1,1,0.92873
138,22,4.02,289.4,162.24,237.19,1,1,0.88342
138,0,118.47,425.26,198.21,234.61,1,1,0.91837
138,23,118.58,200.4,114.86,206.96,1,1,0.88522
138,25,1.91,582.53,156.45,288.87,1,1,0.91321
139,4,1087.96,460.81,144.65,266.6,1,1,0.90913
139,22,24.24,297.28,135.71,236.38,1,1,0.80284
139,0,124.25,434.2,202.96,239.98,1,1,0.91834
139,23,128.59,211.23,120.0,216.51,1,1,0.87401
139,25,2.13,591.78,175.51,281.05,1,1,0.92709
140,4,1080.63,467.99,142.54,267.78,1,1,0.91416
140,22,34.42,305.44,117.5,241.71,1,1,0.84914
140,0,133.78,441.95,202.24,245.53,1,1,0.90108
140,23,137.03,221.54,121.86,226.14,1,1,0.88911
140,25,0.65,600.74,181.02,281.32,1,1,0.93632
141,4,1072.74,472.05,141.51,268.94,1,1,0.92328
141,22,28.54,314.78,125.9,242.25,1,1,0.86588
141,0,157.15,448.08,183.24,249.05,1,1,0.89052
141,23,140.61,232.1,113.55,231.59,1,1,0.89183
141,25,-3.62,608.73,171.92,281.86,1,1,0.93461
142,4,1073.16,475.36,143.21,275.85,1,1,0.91988
142,22,15.42,323.67,139.97,242.29,1,1,0.8656
142,0,178.25,452.78,166.11,254.31,1,1,0.88715
142,23,135.67,242.8,125.49,236.34,1,1,0.8806
142,25,10.14,615.6,158.25,284.58,1,1,0.90534
143,4,1075.52,478.72,146.25,271.19,1,1,0.91645
143,22,5.22,330.78,145.66,237.17,1,1,0.89859
143,0,184.87,456.14,162.36,260.16,1,1,0.90881
143,23,138.34,255.49,139.03,236.7,1,1,0.87925
143,25,26.22,622.49,142.44,288.3,1,1,0.90013
144,4,1075.96,481.08,150.39,258.92,1,1,0.91776
144,22,-2.11,338.93,148.95,232.65,1,1,0.90366
144,0,179.36,458.93,164.55,264.3,1,1,0.90749
144,23,134.96,263.96,147.81,239.01,1,1,0.89023
144,25,29.23,627.07,137.87,292.85,1,1,0.90311
145,4,1078.66,484.36,152.25,260.26,1,1,0.91053
145,22,-0.98,346.69,150.9,237.13,1,1,0.8999
145,0,175.1,463.19,174.71,253.71,1,1,0.90099
145,23,132.59,271.55,160.54,243.4,1,1,0.86898
145,25,30.39,630.97,141.85,296.58,1,1,0.90366
146,4,1078.4,489.15,147.57,262.1,1,1,0.90931
146,22,-1.1,355.29,148.4,241.54,1,1,0.89811
146,0,168.24,468.74,191.08,245.61,1,1,0.90987
146,23,130.54,280.27,173.94,230.22,1,1,0.89793
146,25,25.17,634.62,161.76,287.24,1,1,0.91721
147,4,1075.31,493.42,138.45,265.3,1,1,0.90427
147,22,7.02,364.75,135.46,243.64,1,1,0.87362
147,0,170.07,475.56,194.44,247.19,1,1,0.91563
147,23,134.13,289.77,176.98,219.1,1,1,0.89846
147,25,23.76,639.97,172.43,278.37,1,1,0.92089
148,4,1071.59,496.59,128.9,269.21,1,1,0.9049
148,22,15.83,372.39,120.2,249.92,1,1,0.87679
148,0,183.75,481.13,177.34,254.8,1,1,0.91277
148,23,152.61,299.32,161.4,212.29,1,1,0.88864
148,25,31.02,646.91,163.09,277.98,1,1,0.91345
149,4,1066.44,497.95,136.27,276.89,1,1,0.90547
149,22,9.06,378.07,122.08,250.62,1,1,0.87884
149,0,209.88,485.85,146.15,261.76,1,1,0.88741
149,23,178.45,311.03,140.6,205.17,1,1,0.83561
149,25,45.68,652.25,139.46,281.45,1,1,0.89497
150,4,1062.28,499.79,141.29,269.03,1,1,0.90157
150,22,3.12,383.68,132.01,254.01,1,1,0.89736
150,0,233.34,491.88,128.06,264.64,1,1,0.89489
150,23,209.8,323.17,130.68,228.99,1,1,0.90139
150,25,62.56,658.69,118.28,284.98,1,1,0.88691
151,4,1059.98,502.41,144.41,263.13,1,1,0.89904
151,22,1.9,387.61,150.95,255.99,1,1,0.91035
151,0,249.57,494.53,118.56,269.59,1,1,0.88574
151,23,219.36,333.4,139.34,237.85,1,1,0.90025
151,25,74.58,664.51,112.62,287.62,1,1,0.88949
151,26,1872.99,298.53,42.89,302.25,1,1,0.70418
152,4,1059.87,507.04,148.06,260.69,1,1,0.90787
152,22,8.64,393.66,159.11,253.12,1,1,0.91112
152,0,248.04,498.88,133.41,273.76,1,1,0.90103
152,23,217.33,343.03,158.19,241.91,1,1,0.90476
152,25,75.21,669.32,125.61,293.62,1,1,0.89545
152,26,1864.9,300.74,49.28,297.44,1,1,0.69488
152,27,1766.7,208.02,104.79,251.37,1,1,0.76222
153,4,1058.85,510.88,143.67,262.2,1,1,0.9104
153,22,22.08,402.34,155.02,252.07,1,1,0.90455
153,0,244.63,505.28,150.77,266.38,1,1,0.90262
153,23,220.66,353.9,172.36,234.63,1,1,0.90567
153,25,72.72,674.28,148.21,291.65,1,1,0.90417
153,26,1865.2,421.27,50.11,323.72,1,1,0.68067
153,27,1752.39,217.61,107.22,250.33,1,1,0.71686
153,28,1544.56,2.7,129.74,109.25,1,1,0.69363
154,4,1056.25,514.64,139.18,263.63,1,1,0.90843
154,22,42.45,410.93,142.67,253.03,1,1,0.90173
154,0,247.01,504.99,167.59,256.64,1,1,0.91136
154,23,229.14,362.69,180.75,219.48,1,1,0.90346
154,25,72.51,678.8,171.72,278.3,1,1,0.92284
154,26,1847.06,473.06,69.85,342.67,1,1,0.65673
155,4,1054.05,515.4,136.56,270.48,1,1,0.90143
155,22,58.86,418.95,130.36,254.38,1,1,0.89009
155,0,254.1,511.98,184.85,251.95,1,1,0.90858
155,23,296.52,371.19,130.57,203.12,1,1,0.85136
155,25,76.95,683.0,183.47,271.27,1,1,0.92339
155,26,1832.79,497.17,84.97,341.4,1,1,0.76865
155,27,1732.77,233.22,108.21,253.97,1,1,0.72281
156,4,1055.68,516.89,152.53,268.74,1,1,0.89959
156,22,69.57,422.11,122.64,258.68,1,1,0.88863
156,0,274.84,519.65,178.03,252.42,1,1,0.91073
156,23,338.82,378.5,107.84,205.02,1,1,0.8343
156,25,89.9,686.22,175.4,273.96,1,1,0.91632
156,27,1722.26,245.56,110.38,249.6,1,1,0.77098
157,4,1061.71,519.2,155.58,248.95,1,1,0.91195
157,22,78.96,424.83,118.97,262.6,1,1,0.88829
157,0,306.55,526.15,152.38,254.23,1,1,0.88318
157,23,363.75,386.4,117.74,188.43,1,1,0.86673
157,25,114.36,689.57,154.98,277.81,1,1,0.90659
157,27,1714.4,258.7,110.69,244.99,1,1,0.69305
158,4,1065.05,522.13,164.19,242.33,1,1,0.91195
158,22,85.85,426.94,127.19,264.27,1,1,0.89727
158,0,323.56,532.22,151.28,257.64,1,1,0.89685
158,23,382.95,394.35,124.93,176.98,1,1,0.82389
158,25,144.78,692.67,134.8,283.23,1,1,0.90524
158,28,1554.16,1.33,79.88,159.6,1,1,0.78221
158,26,1843.83,529.39,74.79,393.53,1,1,0.6827
159,4,1070.56,524.69,168.27,241.67,1,1,0.9128
159,22,91.42,429.99,133.92,254.0,1,1,0.90054
159,0,340.96,534.8,150.35,263.2,1,1,0.88542
159,23,413.53,400.07,118.72,218.83,1,1,0.73512
159,25,165.6,694.63,125.9,288.39,1,1,0.90431
159,31,1473.9,2.11,95.17,162.86,1,1,0.67774
159,28,1548.66,0.81,81.26,168.66,1,1,0.76402
159,26,1839.81,549.28,79.57,404.27,1,1,0.74279
160,4,1079.24,528.13,165.24,243.59,1,1,0.91162
160,22,101.5,432.98,129.99,251.19,1,1,0.90241
160,0,365.07,533.63,138.74,269.01,1,1,0.87293
160,23,444.57,405.17,120.85,218.24,1,1,0.83023
160,25,182.29,696.39,126.65,293.09,1,1,0.90341
160,28,1544.39,0.44,81.06,177.24,1,1,0.77741
160,26,1839.27,562.84,80.73,394.27,1,1,0.79021
161,4,1090.42,531.35,155.41,245.78,1,1,0.90897
161,22,120.41,436.75,114.14,253.57,1,1,0.89043
161,0,387.34,533.06,135.45,273.16,1,1,0.88068
161,23,477.12,411.24,128.3,224.86,1,1,0.88589
161,25,197.5,698.44,130.92,291.16,1,1,0.89832
161,28,1539.19,0.1,82.73,187.48,1,1,0.80547
161,26,1835.03,569.2,85.38,398.19,1,1,0.77945
162,4,1097.92,534.7,148.9,248.87,1,1,0.90879
162,22,139.11,441.02,104.69,257.41,1,1,0.88855
162,0,407.77,535.8,141.4,258.96,1,1,0.88879
162,23,509.69,419.62,124.51,232.72,1,1,0.88671
162,25,212.29,700.88,141.57,276.05,1,1,0.90025
162,28,1542.23,0.12,77.76,196.66,1,1,0.85863
162,26,1835.92,575.46,84.8,404.76,1,1,0.64992
162,31,1463.14,2.3,93.07,201.01,1,1,0.76086
163,4,1103.9,538.19,153.13,254.53,1,1,0.91303
163,22,152.28,445.68,106.09,260.92,1,1,0.88721
163,0,426.75,539.7,157.27,247.55,1,1,0.90556
163,23,536.09,428.05,115.64,240.57,1,1,0.88177
163,25,230.24,705.03,152.51,266.71,1,1,0.90251
163,28,1545.65,1.41,75.27,206.83,1,1,0.85243
163,32,0.1,439.77,33.65,241.8,1,1,0.82159
163,31,1463.87,2.12,90.97,212.07,1,1,0.79441
164,4,1110.49,541.57,151.87,258.15,1,1,0.91349
164,22,162.69,449.79,112.35,263.04,1,1,0.89214
164,0,448.18,545.23,164.12,246.92,1,1,0.91038
164,23,561.72,436.81,115.67,242.67,1,1,0.86688
164,25,257.57,709.91,144.03,268.23,1,1,0.89609
164,28,1547.86,1.28,74.37,218.03,1,1,0.85906
164,32,0.55,445.87,52.39,224.88,1,1,0.8622
164,31,1462.97,1.86,93.71,223.49,1,1,0.79828
165,4,1119.89,545.43,148.68,256.47,1,1,0.91073
165,22,178.1,452.78,113.47,265.99,1,1,0.89093
165,0,483.36,548.84,145.24,252.16,1,1,0.902
165,23,599.17,448.99,117.06,237.19,1,1,0.88282
165,25,288.46,714.84,129.03,270.39,1,1,0.89259
165,28,1549.95,4.74,74.12,224.1,1,1,0.85739
165,32,1.08,451.91,80.87,223.66,1,1,0.88611
165,31,1466.32,1.7,91.1,229.37,1,1,0.77898
165,26,1822.36,602.2,99.54,334.37,1,1,0.76379
166,4,1126.73,549.58,151.19,248.68,1,1,0.91134
166,22,200.15,456.13,108.03,259.37,1,1,0.89451
166,0,519.6,552.93,121.82,256.03,1,1,0.89807
166,23,624.57,458.62,125.03,230.65,1,1,0.9009
166,25,313.67,719.29,117.42,272.58,1,1,0.8935
166,28,1553.33,11.47,73.82,224.97,1,1,0.86407
166,32,1.48,456.24,109.72,226.47,1,1,0.90466
166,31,1469.02,1.62,90.51,240.82,1,1,0.78587
166,26,1818.59,610.37,100.72,311.75,1,1,0.79167
167,4,1131.51,551.37,148.9,241.57,1,1,0.91249
167,22,225.49,459.11,101.32,250.99,1,1,0.88942
167,0,547.69,554.21,113.87,262.35,1,1,0.88952
167,23,646.55,468.48,141.98,216.74,1,1,0.88747
167,25,339.39,720.45,110.33,276.67,1,1,0.8944
167,28,1556.54,20.09,75.06,224.57,1,1,0.86345
167,32,1.67,460.05,131.44,231.45,1,1,0.90629
167,31,1471.77,2.23,89.21,249.06,1,1,0.76161
167,26,1814.0,617.42,103.53,306.88,1,1,0.83323
167,33,1876.92,621.56,42.64,350.66,1,1,0.70009
168,4,1134.76,554.44,146.44,230.9,1,1,0.91367
168,22,248.55,463.94,98.09,248.96,1,1,0.88178
168,0,571.65,552.66,107.52,269.25,1,1,0.88426
168,23,664.94,479.48,169.84,204.16,1,1,0.89619
168,25,361.84,718.09,112.09,285.0,1,1,0.88776
168,28,1560.16,30.24,76.15,222.27,1,1,0.85756
168,32,20.5,465.28,128.39,233.26,1,1,0.87674
168,31,1475.2,1.62,88.72,254.49,1,1,0.78077
168,26,1808.48,630.18,110.18,296.55,1,1,0.78865
168,33,1879.05,634.78,40.73,356.92,1,1,0.64307
169,4,1135.29,558.61,142.01,222.4,1,1,0.90569
169,22,265.59,468.81,102.14,248.43,1,1,0.88514
169,0,592.7,552.2,106.5,272.22,1,1,0.89517
169,23,703.06,489.03,170.61,198.14,1,1,0.87758
169,25,379.39,717.2,122.73,284.92,1,1,0.8956
169,28,1563.78,40.63,77.77,219.41,1,1,0.86851
169,32,49.07,469.76,121.31,235.14,1,1,0.8929
169,31,1478.72,5.53,87.67,257.28,1,1,0.71458
169,33,1878.29,640.58,41.27,349.81,1,1,0.64015
170,4,1125.06,562.03,155.6,221.62,1,1,0.90658
170,22,276.95,470.86,116.71,248.66,1,1,0.8781
170,0,605.58,551.54,115.26,262.02,1,1,0.90597
170,23,737.52,498.13,162.79,193.71,1,1,0.87256
170,25,389.07,717.0,139.09,275.86,1,1,0.90414
170,28,1567.98,46.56,79.43,219.76,1,1,0.86923
170,32,73.96,469.69,119.9,237.83,1,1,0.89632
170,31,1479.95,7.41,91.27,259.7,1,1,0.67205
170,33,1879.4,654.29,40.0,320.38,1,1,0.65552
171,4,1117.48,565.27,167.48,217.85,1,1,0.89381
171,22,296.78,471.26,120.18,255.86,1,1,0.85719
171,0,620.32,550.77,122.64,248.74,1,1,0.90134
171,23,773.26,509.15,150.53,188.94,1,1,0.87578
171,25,402.15,715.81,150.0,266.03,1,1,0.89979
171,28,1572.21,53.89,80.9,218.77,1,1,0.88578
171,32,90.54,467.9,124.19,242.91,1,1,0.8912
171,31,1483.1,27.19,89.67,246.88,1,1,0.7147
171,33,1880.32,664.03,39.04,307.73,1,1,0.72116
171,26,1795.99,665.9,123.98,294.63,1,1,0.77387
172,4,1116.81,567.37,173.76,208.17,1,1,0.88841
172,22,315.83,469.27,121.01,257.42,1,1,0.87717
172,0,637.67,549.73,125.7,247.73,1,1,0.90333
172,23,818.12,520.38,141.79,183.61,1,1,0.88633
172,25,421.83,715.12,146.46,262.59,1,1,0.89792
172,28,1576.75,59.81,82.42,219.61,1,1,0.87508
172,32,104.87,466.29,127.04,244.49,1,1,0.88743
172,31,1487.49,36.07,88.53,247.39,1,1,0.73867
172,33,1881.87,669.67,37.45,302.05,1,1,0.72406
172,34,1882.4,275.48,37.35,235.19,1,1,0.71918
172,26,1793.37,665.12,124.04,287.4,1,1,0.80271
173,4,1118.61,569.74,174.73,196.12,1,1,0.89404
173,22,328.53,470.25,129.35,252.81,1,1,0.88963
173,0,663.33,548.94,117.64,251.84,1,1,0.89334
173,23,861.42,529.5,135.9,176.58,1,1,0.88077
173,25,447.01,715.15,139.82,265.6,1,1,0.88277
173,28,1580.32,65.74,83.63,220.3,1,1,0.87406
173,32,121.4,464.94,132.72,238.17,1,1,0.88759
173,31,1492.84,44.57,86.69,243.85,1,1,0.80799
173,33,1884.47,673.89,34.88,295.9,1,1,0.72842
173,26,1795.34,669.28,122.93,294.88,1,1,0.83661
174,4,1122.12,571.19,170.98,193.27,1,1,0.89856
174,22,340.47,473.91,137.98,241.21,1,1,0.88607
174,0,680.08,548.7,122.05,256.8,1,1,0.89953
174,23,894.04,540.91,130.46,170.75,1,1,0.86683
174,25,475.45,712.69,128.17,274.51,1,1,0.88567
174,28,1585.12,72.22,82.27,220.01,1,1,0.86767
174,32,138.82,465.64,141.77,227.33,1,1,0.88751
174,31,1495.87,50.23,87.09,246.5,1,1,0.78378
174,33,1888.14,676.73,31.18,294.9,1,1,0.66232
174,26,1797.38,678.07,121.99,294.88,1,1,0.83339
175,4,1125.31,573.48,167.81,190.97,1,1,0.90829
175,22,359.58,476.36,138.7,231.72,1,1,0.89431
175,0,689.61,545.47,135.32,262.09,1,1,0.91793
175,23,921.24,552.72,136.5,162.86,1,1,0.86765
175,25,496.13,710.75,121.98,280.59,1,1,0.89606
175,28,1589.74,78.39,81.8,218.87,1,1,0.88355
175,32,161.59,465.97,141.23,221.27,1,1,0.89078
175,31,1499.51,54.4,87.69,248.41,1,1,0.80491
175,26,1798.42,688.51,121.12,294.88,1,1,0.80854
176,4,1131.12,575.07,164.24,193.32,1,1,0.91194
176,22,373.77,479.98,147.01,232.58,1,1,0.89666
176,0,702.44,542.74,141.88,266.2,1,1,0.91139
176,23,950.03,565.11,131.51,154.04,1,1,0.87491
176,25,514.64,707.13,118.59,283.69,1,1,0.90087
176,28,1594.18,85.11,82.51,217.61,1,1,0.89599
176,32,184.21,468.4,136.7,225.01,1,1,0.89436
176,31,1502.16,60.29,88.58,247.83,1,1,0.83164
176,36,1509.56,1.1,87.64,96.75,1,1,0.81454
177,4,1135.4,574.25,160.96,199.52,1,1,0.91034
177,22,404.79,483.39,135.39,234.77,1,1,0.88282
177,0,715.67,538.79,148.92,274.44,1,1,0.91688
177,23,982.48,579.61,132.64,142.78,1,1,0.87369
177,25,530.19,704.77,119.58,287.95,1,1,0.8982
177,28,1598.09,91.68,83.01,217.34,1,1,0.88567
177,32,211.5,469.56,127.83,230.2,1,1,0.89299
177,31,1505.17,66.1,88.54,246.68,1,1,0.83557
177,36,1512.89,1.48,86.81,101.37,1,1,0.80644
177,33,1863.64,669.25,55.64,307.33,1,1,0.72431
177,26,1799.2,706.49,114.91,279.33,1,1,0.69794
178,4,1143.87,570.57,156.43,207.19,1,1,0.90084
178,22,434.51,485.25,123.5,240.22,1,1,0.88886
178,0,730.75,537.97,147.98,270.39,1,1,0.90905
178,23,1012.49,591.94,145.05,134.78,1,1,0.86418
178,25,549.14,702.53,122.68,281.31,1,1,0.88118
178,28,1601.22,98.75,84.19,216.42,1,1,0.8844
178,32,238.49,467.91,116.2,238.11,1,1,0.88154
178,31,1507.84,73.63,89.02,247.06,1,1,0.82294
178,36,1514.69,1.15,86.16,106.96,1,1,0.6853
178,33,1861.9,673.03,57.57,308.2,1,1,0.73214
178,26,1798.57,709.76,107.86,273.56,1,1,0.6466
179,4,1154.87,563.15,153.88,218.02,1,1,0.90015
179,22,455.68,484.65,116.63,246.17,1,1,0.88984
179,0,749.01,537.86,145.92,252.94,1,1,0.91079
179,23,1033.68,602.38,151.11,131.44,1,1,0.85376
179,25,566.84,700.87,124.38,269.36,1,1,0.8853
179,28,1604.6,105.06,85.07,216.98,1,1,0.88134
179,32,260.26,467.49,111.54,240.41,1,1,0.87799
179,31,1509.96,79.71,89.86,247.05,1,1,0.83307
179,36,1517.07,0.91,85.24,111.44,1,1,0.81907
179,33,1862.26,680.15,57.1,301.44,1,1,0.64061
180,4,1176.9,556.47,138.71,221.33,1,1,0.88134
180,22,471.83,482.28,109.15,251.47,1,1,0.88845
180,0,771.51,538.16,141.54,235.55,1,1,0.90882
180,23,1046.91,616.14,165.4,122.4,1,1,0.88006
180,25,590.5,700.71,119.82,265.37,1,1,0.89277
180,28,1608.2,111.33,86.55,216.59,1,1,0.8891
180,32,276.63,466.61,113.56,240.9,1,1,0.87207
180,31,1513.98,84.63,88.45,243.75,1,1,0.819
180,27,1794.55,456.25,96.02,240.23,1,1,0.68477
