1,0,528.02,681.33,150.28,282.91,1,1,0.91115
1,1,381.75,492.54,170.3,184.11,1,1,0.90371
1,2,874.68,290.48,162.62,258.44,1,1,0.90221
1,3,150.51,518.18,151.97,275.76,1,1,0.90144
1,4,1080.78,686.52,184.81,267.54,1,1,0.9002
1,5,1736.55,486.85,101.49,245.34,1,1,0.89769
1,6,609.39,515.84,147.78,180.21,1,1,0.8955
1,7,1368.4,650.37,125.76,201.1,1,1,0.88848
1,8,811.83,550.64,168.86,183.5,1,1,0.88838
1,9,1426.59,485.15,154.28,190.42,1,1,0.88605
1,10,1039.25,533.69,142.16,182.97,1,1,0.88034
1,11,467.64,575.58,151.44,203.84,1,1,0.88004
1,12,950.47,619.22,130.74,206.22,1,1,0.8792
1,13,1262.8,529.84,148.85,176.07,1,1,0.87215
1,14,921.59,186.88,118.31,229.35,1,1,0.85953
1,15,341.17,871.92,136.68,207.08,1,1,0.84674
1,16,1577.43,1003.37,117.28,75.63,1,1,0.82166
2,0,528.82,683.22,150.83,282.27,1,1,0.91268
2,1,382.9,493.29,170.27,184.7,1,1,0.90299
2,2,875.37,292.42,161.68,257.35,1,1,0.89788
2,3,152.55,518.59,152.1,276.41,1,1,0.90131
2,4,1082.28,687.02,182.93,268.7,1,1,0.90125
2,5,1737.25,487.88,102.09,245.03,1,1,0.89951
2,6,611.16,516.99,146.76,179.73,1,1,0.8971
2,7,1368.56,650.44,126.78,202.33,1,1,0.88941
2,8,812.23,550.65,168.61,185.02,1,1,0.88389
2,9,1428.25,486.21,152.83,190.09,1,1,0.8867
2,10,1039.7,534.52,141.0,183.02,1,1,0.87826
2,11,468.11,576.51,150.8,205.24,1,1,0.88057
2,12,951.32,620.2,130.91,206.56,1,1,0.8812
2,13,1264.17,530.26,147.09,176.53,1,1,0.88025
2,14,921.15,187.45,118.8,229.59,1,1,0.86108
2,15,342.96,873.46,136.96,205.7,1,1,0.84268
2,16,1578.01,1004.7,117.18,74.45,1,1,0.82422
3,0,529.89,682.22,152.03,282.73,1,1,0.91266
3,1,384.15,492.82,170.68,184.01,1,1,0.90434
3,2,877.28,294.29,161.68,254.48,1,1,0.90263
3,3,154.68,518.77,153.31,274.71,1,1,0.90572
3,4,1083.51,686.46,181.39,269.03,1,1,0.90429
3,5,1738.73,487.68,102.0,244.36,1,1,0.8986
3,6,612.37,516.23,147.24,179.64,1,1,0.89822
3,7,1369.87,650.37,126.29,201.71,1,1,0.89062
3,8,813.75,550.48,168.38,184.81,1,1,0.88941
3,9,1430.34,485.87,151.54,189.64,1,1,0.88413
3,10,1040.58,534.06,141.11,182.52,1,1,0.88238
3,11,469.58,575.87,151.25,206.91,1,1,0.88417
3,12,952.69,620.04,130.38,206.45,1,1,0.88061
3,13,1266.48,530.26,148.71,176.31,1,1,0.87737
3,14,922.54,186.85,119.09,230.7,1,1,0.86336
3,15,347.61,872.58,133.52,206.29,1,1,0.85553
3,16,1579.81,1004.34,116.5,74.54,1,1,0.82685
4,0,528.65,680.51,153.14,283.52,1,1,0.91234
4,1,383.58,491.82,170.26,184.27,1,1,0.90524
4,2,876.08,292.66,161.42,255.4,1,1,0.89797
4,3,155.75,518.1,153.25,274.05,1,1,0.90583
4,4,1082.1,685.5,183.13,269.01,1,1,0.90241
4,5,1737.78,486.52,101.95,244.63,1,1,0.89917
4,6,611.07,515.3,147.86,178.82,1,1,0.89916
4,7,1368.93,649.66,125.85,201.37,1,1,0.89052
4,8,811.91,549.35,169.05,184.73,1,1,0.89212
4,9,1429.02,484.99,152.69,190.27,1,1,0.88671
4,10,1039.82,533.66,140.37,182.11,1,1,0.88053
4,11,468.05,575.08,151.92,207.36,1,1,0.8816
4,12,951.3,619.22,130.08,205.8,1,1,0.88284
4,13,1264.88,529.44,148.41,176.58,1,1,0.878
4,14,919.65,185.81,119.55,230.73,1,1,0.86264
4,15,347.53,871.73,133.38,207.04,1,1,0.85758
4,16,1579.27,1003.29,115.56,75.48,1,1,0.82507
5,0,529.03,681.01,153.58,282.95,1,1,0.91195
5,1,383.7,492.73,170.43,184.43,1,1,0.90468
5,2,876.07,293.09,161.2,255.58,1,1,0.90655
5,3,158.42,518.31,152.19,272.94,1,1,0.90689
5,4,1082.28,686.06,183.57,269.24,1,1,0.90091
5,5,1737.7,487.48,101.67,244.75,1,1,0.90008
5,6,611.88,515.96,146.82,178.52,1,1,0.89838
5,7,1368.41,650.23,126.27,201.63,1,1,0.89156
5,8,811.82,549.61,169.06,184.88,1,1,0.89287
5,9,1428.96,485.54,152.64,189.87,1,1,0.88753
5,10,1039.56,534.21,140.72,182.73,1,1,0.88258
5,11,467.67,576.01,151.75,207.55,1,1,0.88269
5,12,950.93,619.75,129.81,206.42,1,1,0.88353
5,13,1264.53,530.02,147.98,176.62,1,1,0.87852
5,14,921.05,186.51,117.43,230.68,1,1,0.86602
5,15,350.06,872.75,131.57,206.41,1,1,0.86628
5,16,1578.36,1003.84,116.16,75.32,1,1,0.825
6,0,529.57,679.67,154.21,282.21,1,1,0.91066
6,1,384.13,493.14,169.97,183.45,1,1,0.90544
6,2,876.27,292.41,160.66,256.05,1,1,0.90228
6,3,161.48,518.23,150.61,270.84,1,1,0.90542
6,4,1081.99,685.57,182.28,269.51,1,1,0.9033
6,5,1737.52,487.55,102.01,244.63,1,1,0.89984
6,6,612.22,516.38,146.25,177.27,1,1,0.89957
6,7,1368.6,649.61,125.43,201.39,1,1,0.89025
6,8,811.44,549.27,169.09,184.97,1,1,0.8934
6,9,1429.45,485.62,151.87,189.66,1,1,0.88568
6,10,1039.56,533.94,140.15,182.13,1,1,0.87963
6,11,467.53,575.6,150.91,208.03,1,1,0.88503
6,12,951.45,619.34,129.12,205.81,1,1,0.88021
6,13,1264.32,529.86,148.27,176.63,1,1,0.87707
6,14,922.54,186.55,115.89,230.16,1,1,0.86587
6,15,347.15,872.61,135.19,206.28,1,1,0.84818
6,16,1577.43,1003.55,116.96,75.35,1,1,0.82154
7,0,529.99,679.19,155.33,281.79,1,1,0.91061
7,1,384.39,493.72,169.77,182.98,1,1,0.90514
7,2,876.32,291.83,160.63,256.99,1,1,0.90048
7,3,164.95,518.22,148.94,269.12,1,1,0.90285
7,4,1082.08,685.76,181.66,269.47,1,1,0.90356
7,5,1737.27,487.75,102.7,244.76,1,1,0.8977
7,6,612.33,516.72,146.21,177.19,1,1,0.89727
7,7,1368.67,649.71,125.13,201.51,1,1,0.89078
7,8,811.51,548.91,169.06,185.72,1,1,0.89225
7,9,1429.19,485.87,152.01,189.69,1,1,0.88488
7,10,1039.71,534.07,139.81,182.21,1,1,0.87815
7,11,467.46,575.74,150.61,208.41,1,1,0.88557
7,12,951.46,619.32,129.41,205.82,1,1,0.8806
7,13,1263.9,530.06,147.67,176.78,1,1,0.87608
7,14,921.47,186.77,116.85,230.09,1,1,0.86241
7,15,342.2,872.73,140.97,206.32,1,1,0.84471
7,16,1577.42,1003.52,117.08,75.53,1,1,0.82153
8,0,530.04,678.93,155.54,281.24,1,1,0.90986
8,1,384.33,494.32,169.86,182.54,1,1,0.90566
8,2,876.04,292.88,160.84,256.06,1,1,0.8993
8,3,167.77,518.07,146.78,267.93,1,1,0.90079
8,4,1081.93,685.83,181.54,269.57,1,1,0.90368
8,5,1737.02,488.08,102.77,244.68,1,1,0.89802
8,6,612.04,516.95,146.19,177.15,1,1,0.8978
8,7,1368.58,649.69,124.96,201.51,1,1,0.89067
8,8,811.45,549.27,168.61,185.56,1,1,0.892
8,9,1429.78,486.38,150.96,189.14,1,1,0.88377
8,10,1039.34,534.21,140.08,182.44,1,1,0.88029
8,11,467.62,575.96,149.81,208.93,1,1,0.88572
8,12,951.73,619.42,128.72,205.84,1,1,0.87861
8,13,1263.96,530.25,146.11,176.51,1,1,0.87784
8,14,920.89,187.07,117.31,229.98,1,1,0.86556
8,15,340.54,872.96,142.55,206.13,1,1,0.84713
8,16,1576.78,1003.85,117.51,75.25,1,1,0.81887
9,0,531.33,678.63,154.59,280.95,1,1,0.90945
9,1,383.51,494.51,170.83,182.58,1,1,0.90484
9,2,875.99,293.7,160.91,255.21,1,1,0.89537
9,3,170.48,518.13,144.86,267.01,1,1,0.89872
9,4,1081.67,685.95,182.06,269.45,1,1,0.90294
9,5,1736.72,488.39,102.55,244.76,1,1,0.89573
9,6,611.53,516.65,146.07,177.18,1,1,0.89761
9,7,1368.19,649.49,124.99,202.01,1,1,0.88983
9,8,811.73,549.46,168.11,185.8,1,1,0.88991
9,9,1429.44,486.39,151.07,188.99,1,1,0.88327
9,10,1039.16,534.42,140.62,182.44,1,1,0.88218
9,11,467.06,576.0,149.77,209.2,1,1,0.88369
9,12,951.66,619.39,128.42,205.78,1,1,0.87629
9,13,1263.27,530.3,145.39,176.4,1,1,0.87629
9,14,919.78,187.34,117.86,229.27,1,1,0.85826
9,15,340.46,873.11,142.21,205.96,1,1,0.84834
9,16,1576.53,1004.11,117.51,74.96,1,1,0.8182
10,0,534.83,679.18,152.67,281.79,1,1,0.91083
10,1,384.53,494.97,170.62,183.18,1,1,0.90626
10,2,876.62,294.85,161.62,255.14,1,1,0.90068
10,3,174.9,518.53,142.07,267.03,1,1,0.89875
10,4,1083.24,686.83,180.88,269.65,1,1,0.9039
10,5,1737.4,489.21,102.44,244.47,1,1,0.89839
10,6,612.44,517.08,146.16,177.67,1,1,0.90041
10,7,1368.89,650.26,125.61,202.52,1,1,0.89091
10,8,812.53,550.02,168.06,186.63,1,1,0.89118
10,9,1429.71,486.91,151.23,189.67,1,1,0.88586
10,10,1039.63,535.42,141.11,182.5,1,1,0.87659
10,11,468.16,576.83,150.18,209.92,1,1,0.88717
10,12,952.82,620.36,128.29,206.23,1,1,0.87874
10,13,1265.05,531.16,145.17,176.39,1,1,0.87705
10,14,921.48,187.85,117.3,229.72,1,1,0.86772
10,15,341.74,874.34,141.68,205.03,1,1,0.85327
10,16,1577.32,1005.52,117.3,73.86,1,1,0.82321
11,0,537.05,678.71,150.67,283.58,1,1,0.9105
11,1,384.49,495.17,170.84,183.51,1,1,0.90485
11,2,877.0,296.29,162.02,254.73,1,1,0.8974
11,3,177.87,518.71,140.0,267.12,1,1,0.8977
11,4,1083.25,686.97,181.16,269.95,1,1,0.90366
11,5,1737.39,489.67,102.4,244.74,1,1,0.89795
11,6,612.05,518.1,146.82,177.41,1,1,0.89855
11,7,1368.66,650.83,126.18,202.32,1,1,0.89153
11,8,812.76,550.88,168.06,186.86,1,1,0.8867
11,9,1429.83,487.78,151.13,189.28,1,1,0.88624
11,10,1039.54,535.89,141.89,182.67,1,1,0.87734
11,11,468.09,577.24,151.17,210.67,1,1,0.89007
11,12,952.51,620.82,128.74,206.57,1,1,0.87979
11,13,1265.1,531.73,146.37,176.52,1,1,0.8759
11,14,923.82,188.77,116.49,229.57,1,1,0.86856
11,15,338.28,874.34,144.47,204.92,1,1,0.85913
11,16,1576.91,1006.06,117.67,73.2,1,1,0.82087
12,0,538.67,677.11,147.48,283.41,1,1,0.91159
12,1,384.58,493.33,169.8,182.84,1,1,0.9045
12,2,876.42,294.2,161.2,254.08,1,1,0.89947
12,3,180.24,516.35,136.76,266.75,1,1,0.89501
12,4,1082.08,684.38,181.45,269.98,1,1,0.90327
12,5,1736.68,487.33,102.43,244.73,1,1,0.89587
12,6,611.75,515.86,146.11,177.39,1,1,0.89748
12,7,1368.11,648.19,125.61,202.72,1,1,0.88912
12,8,811.98,548.59,168.21,186.04,1,1,0.89268
12,9,1428.64,485.37,151.96,189.45,1,1,0.88517
12,10,1039.79,533.5,139.92,182.43,1,1,0.87403
12,11,467.48,574.8,150.94,209.27,1,1,0.88528
12,12,951.86,618.46,128.51,206.32,1,1,0.87947
12,13,1264.63,529.22,144.15,176.7,1,1,0.87226
12,14,920.12,186.22,118.71,228.95,1,1,0.86047
12,15,335.66,871.51,145.99,206.69,1,1,0.86361
12,16,1576.4,1003.64,117.68,74.57,1,1,0.81482
13,0,541.29,678.04,146.6,286.73,1,1,0.90976
13,1,386.38,495.56,170.32,183.15,1,1,0.90396
13,2,878.33,297.9,161.96,253.02,1,1,0.89925
13,3,187.32,518.69,133.34,266.53,1,1,0.89116
13,4,1083.95,686.93,180.82,270.77,1,1,0.90273
13,5,1738.87,489.29,102.39,245.7,1,1,0.89842
13,6,614.7,517.97,145.6,178.19,1,1,0.90235
13,7,1369.73,650.53,126.94,203.32,1,1,0.89113
13,8,814.95,551.17,167.59,186.48,1,1,0.88764
13,9,1431.76,487.55,150.88,190.74,1,1,0.88497
13,10,1040.87,535.9,140.4,183.04,1,1,0.8798
13,11,469.58,577.52,151.67,210.36,1,1,0.88914
13,12,953.84,621.05,129.08,207.21,1,1,0.8786
13,13,1267.39,531.76,147.28,177.55,1,1,0.87194
13,14,921.53,188.85,120.25,228.47,1,1,0.85626
13,15,336.84,874.27,145.95,205.39,1,1,0.85817
13,16,1578.39,1006.9,117.22,72.77,1,1,0.8263
14,0,540.05,677.99,145.78,286.2,1,1,0.91011
14,1,385.25,495.05,170.67,183.35,1,1,0.90133
14,2,877.37,300.49,162.69,250.42,1,1,0.90774
14,3,190.1,518.34,130.33,266.66,1,1,0.89198
14,4,1082.95,686.28,180.3,270.35,1,1,0.90282
14,5,1737.86,489.31,102.2,245.25,1,1,0.89779
14,6,612.86,518.03,146.63,177.55,1,1,0.89938
14,7,1369.03,649.97,126.64,203.02,1,1,0.89014
14,8,814.08,551.03,167.65,186.05,1,1,0.88675
14,9,1431.56,487.39,149.16,190.05,1,1,0.88436
14,10,1039.93,535.59,140.69,182.95,1,1,0.87705
14,11,468.74,577.07,151.26,210.35,1,1,0.8885
14,12,952.59,620.71,129.21,207.24,1,1,0.88209
14,13,1266.34,531.44,146.72,177.26,1,1,0.87454
14,14,923.4,189.09,117.04,227.37,1,1,0.86785
14,15,333.74,874.0,146.08,205.03,1,1,0.86145
14,16,1576.86,1006.06,117.69,72.98,1,1,0.82085
15,0,539.96,677.45,144.89,286.0,1,1,0.90996
15,1,385.29,494.09,170.23,183.77,1,1,0.90258
15,2,877.1,299.92,162.55,249.63,1,1,0.90529
15,3,194.21,517.39,127.25,267.16,1,1,0.89186
15,4,1083.04,685.0,179.92,270.99,1,1,0.90353
15,5,1737.56,488.38,102.85,244.96,1,1,0.89495
15,6,613.23,516.15,146.47,178.81,1,1,0.89822
15,7,1369.22,648.7,126.35,203.29,1,1,0.88955
15,8,814.11,549.42,167.68,186.41,1,1,0.89213
15,9,1432.11,486.23,148.38,189.89,1,1,0.88286
15,10,1040.12,534.42,140.57,183.62,1,1,0.87637
15,11,468.96,576.1,150.89,208.78,1,1,0.88638
15,12,952.46,619.73,129.47,207.15,1,1,0.88184
15,13,1265.91,530.24,146.6,177.35,1,1,0.87662
15,14,926.46,187.42,114.37,228.01,1,1,0.8633
15,15,335.43,872.46,142.32,206.15,1,1,0.86241
15,16,1576.51,1004.83,118.05,73.78,1,1,0.8182
16,0,540.6,678.55,143.66,286.06,1,1,0.91057
16,1,385.69,495.21,170.46,183.62,1,1,0.90214
16,2,877.57,301.93,162.84,249.0,1,1,0.89981
16,3,198.95,518.59,123.82,268.0,1,1,0.89713
16,4,1083.23,686.06,180.81,271.29,1,1,0.90334
16,5,1738.16,489.04,102.59,245.68,1,1,0.89876
16,6,613.63,517.08,146.62,179.15,1,1,0.90107
16,7,1369.64,650.03,126.67,203.14,1,1,0.89038
16,8,815.06,551.24,167.21,185.65,1,1,0.88622
16,9,1432.13,487.0,148.58,190.23,1,1,0.884
16,10,1040.04,535.33,140.9,183.92,1,1,0.88091
16,11,469.21,577.4,152.06,208.38,1,1,0.88749
16,12,953.46,620.79,129.11,207.2,1,1,0.88097
16,13,1266.3,531.26,147.77,177.56,1,1,0.87641
16,14,925.71,188.99,115.45,227.1,1,1,0.8631
16,15,334.33,873.4,141.1,205.83,1,1,0.8621
16,16,1576.98,1005.83,117.82,73.41,1,1,0.81938
17,0,539.91,677.75,143.66,286.37,1,1,0.90963
17,1,385.64,494.92,170.43,183.54,1,1,0.89781
17,2,877.96,301.45,162.54,248.81,1,1,0.74578
17,3,202.36,518.18,121.77,268.58,1,1,0.89655
17,4,1083.56,685.72,180.65,271.08,1,1,0.90103
17,5,1738.43,488.64,102.62,245.68,1,1,0.89669
17,6,613.41,516.28,146.9,179.72,1,1,0.89856
17,7,1369.8,649.81,126.63,202.81,1,1,0.88811
17,8,814.98,550.55,167.72,185.72,1,1,0.88457
17,9,1431.92,486.43,148.82,189.94,1,1,0.88201
17,10,1039.44,535.01,141.03,183.99,1,1,0.87845
17,11,469.06,577.07,152.6,207.52,1,1,0.88554
17,12,953.79,620.32,128.96,207.03,1,1,0.87671
17,13,1266.6,530.87,147.62,177.51,1,1,0.87216
17,14,923.49,189.2,118.31,225.98,1,1,0.84932
17,15,332.74,871.68,139.66,207.21,1,1,0.86074
17,16,1576.61,1005.12,118.16,73.77,1,1,0.81288
18,0,539.51,677.04,142.57,286.44,1,1,0.91113
18,1,385.26,494.2,170.15,183.41,1,1,0.89791
18,2,877.92,299.54,162.19,250.38,1,1,0.88198
18,3,203.8,517.86,120.2,270.69,1,1,0.89762
18,4,1083.46,684.62,179.98,271.52,1,1,0.90358
18,5,1737.82,488.66,102.72,244.76,1,1,0.89607
18,6,612.97,515.91,146.74,179.41,1,1,0.89962
18,7,1369.58,648.84,126.1,203.21,1,1,0.88929
18,8,814.6,549.8,167.66,185.93,1,1,0.8916
18,9,1431.43,486.35,148.63,189.59,1,1,0.88357
18,10,1039.15,534.41,140.7,184.0,1,1,0.88012
18,11,469.2,576.74,151.86,206.34,1,1,0.88705
18,12,953.67,619.96,128.49,206.99,1,1,0.87998
18,13,1266.41,530.22,145.97,177.41,1,1,0.87603
18,14,925.23,188.58,115.87,227.04,1,1,0.86531
18,15,332.42,870.11,136.09,208.64,1,1,0.87371
18,16,1576.11,1004.76,118.43,73.99,1,1,0.81474
19,0,540.69,676.94,142.21,287.94,1,1,0.91024
19,1,386.25,496.05,170.02,182.79,1,1,0.90241
19,2,878.43,302.86,162.32,248.47,1,1,0.9021
19,3,206.56,519.58,119.57,276.18,1,1,0.902
19,4,1084.47,686.64,179.36,270.96,1,1,0.90442
19,5,1738.65,489.59,102.7,245.59,1,1,0.90041
19,6,615.53,516.8,145.46,179.77,1,1,0.90422
19,7,1370.23,650.46,126.78,203.0,1,1,0.89092
19,8,815.57,551.39,167.48,186.03,1,1,0.88653
19,9,1431.17,487.36,150.1,190.24,1,1,0.88649
19,10,1040.37,535.72,141.74,184.08,1,1,0.88141
19,11,470.42,578.55,152.23,205.27,1,1,0.88717
19,12,954.37,620.88,128.95,207.47,1,1,0.88052
19,13,1267.45,531.72,148.01,177.23,1,1,0.87393
19,14,926.3,190.19,116.14,228.12,1,1,0.87253
19,15,333.16,870.3,133.27,209.08,1,1,0.87515
19,16,1576.72,1006.2,118.56,73.18,1,1,0.81461
20,0,541.36,675.53,142.0,288.9,1,1,0.91125
20,1,386.54,496.33,170.62,182.62,1,1,0.90252
20,2,878.99,302.97,161.99,248.46,1,1,0.8964
20,3,208.04,519.62,119.37,280.51,1,1,0.9021
20,4,1084.88,686.89,179.28,270.53,1,1,0.90481
20,5,1739.44,489.48,102.51,245.61,1,1,0.90029
20,6,617.13,516.47,144.43,179.92,1,1,0.90522
20,7,1371.15,650.35,127.01,202.84,1,1,0.89029
20,8,815.95,551.23,167.69,186.65,1,1,0.8857
20,9,1432.67,487.39,149.82,190.38,1,1,0.88504
20,10,1041.13,535.84,142.4,183.38,1,1,0.87419
20,11,471.01,578.92,151.77,204.72,1,1,0.88824
20,12,954.65,620.76,129.16,207.76,1,1,0.87998
20,13,1268.2,531.7,148.8,177.38,1,1,0.87233
20,14,927.09,190.04,116.29,228.88,1,1,0.87293
20,15,333.04,868.83,131.35,210.27,1,1,0.87291
20,16,1577.78,1006.05,117.9,73.05,1,1,0.8145
21,0,541.88,673.97,141.64,289.61,1,1,0.90946
21,1,386.97,495.82,170.37,182.22,1,1,0.90023
21,2,879.54,303.42,161.91,247.36,1,1,0.90078
21,3,208.82,519.08,120.38,283.2,1,1,0.89783
21,4,1085.33,685.44,179.23,271.67,1,1,0.9026
21,5,1740.01,488.76,102.62,245.18,1,1,0.89571
21,6,617.55,515.78,144.31,180.19,1,1,0.9042
21,7,1371.5,649.4,127.08,202.99,1,1,0.88857
21,8,815.56,550.4,168.5,186.82,1,1,0.89081
21,9,1433.42,487.35,149.64,189.2,1,1,0.88086
21,10,1041.35,535.26,142.28,182.95,1,1,0.8751
21,11,471.44,578.16,151.63,205.24,1,1,0.88436
21,12,955.09,620.04,128.93,207.92,1,1,0.87921
21,13,1269.41,530.68,147.72,177.56,1,1,0.86728
21,14,927.36,189.11,116.48,229.16,1,1,0.8643
21,15,330.61,866.83,131.48,211.89,1,1,0.86689
21,16,1578.26,1005.41,118.11,73.32,1,1,0.80597
22,0,544.11,674.0,141.27,290.48,1,1,0.90966
22,1,389.16,496.55,169.76,181.81,1,1,0.89802
22,2,881.22,305.03,162.22,246.37,1,1,0.90177
22,3,210.83,520.38,120.81,284.42,1,1,0.89436
22,4,1086.95,686.08,178.98,271.69,1,1,0.90437
22,5,1741.63,489.36,102.79,245.29,1,1,0.89569
22,6,619.49,516.8,143.67,180.24,1,1,0.90457
22,7,1373.36,650.18,127.33,203.08,1,1,0.8889
22,8,817.44,550.77,168.58,186.91,1,1,0.88901
22,9,1435.86,488.09,149.45,189.05,1,1,0.87941
22,10,1042.8,536.12,143.11,183.67,1,1,0.87447
22,11,473.15,578.89,152.56,205.46,1,1,0.88365
22,12,957.78,620.52,127.77,207.7,1,1,0.87862
22,13,1271.03,531.38,148.19,178.08,1,1,0.86492
22,14,929.13,189.64,116.69,229.25,1,1,0.86724
22,15,330.39,866.85,131.31,212.28,1,1,0.86886
22,16,1580.02,1006.32,117.25,72.81,1,1,0.82186
23,0,545.69,673.44,141.58,290.67,1,1,0.90999
23,1,391.3,496.96,169.53,181.29,1,1,0.90085
23,2,883.15,305.51,162.15,246.03,1,1,0.89793
23,3,212.39,521.52,122.61,284.55,1,1,0.89297
23,4,1088.65,685.59,180.28,271.85,1,1,0.9019
23,5,1743.81,489.43,102.52,245.01,1,1,0.8939
23,6,620.75,518.79,144.4,178.3,1,1,0.90374
23,7,1375.59,649.91,127.21,202.83,1,1,0.88987
23,8,819.24,550.57,169.19,186.45,1,1,0.88792
23,9,1440.52,488.45,147.45,188.35,1,1,0.88121
23,10,1045.41,536.59,143.21,183.32,1,1,0.87468
23,11,475.21,578.64,152.87,205.19,1,1,0.88542
23,12,960.45,620.6,126.39,207.27,1,1,0.88172
23,13,1273.3,531.73,148.49,177.86,1,1,0.8681
23,14,932.56,190.15,115.58,228.54,1,1,0.87217
23,15,330.81,865.59,130.38,213.42,1,1,0.87507
23,16,1581.55,1005.51,117.58,73.5,1,1,0.82118
24,0,544.26,670.81,141.78,291.88,1,1,0.91043
24,1,390.04,495.76,169.9,180.83,1,1,0.89686
24,2,882.16,304.07,161.57,246.3,1,1,0.9018
24,3,211.36,520.26,122.95,285.06,1,1,0.89199
24,4,1087.09,682.42,181.68,273.58,1,1,0.90433
24,5,1742.99,487.95,102.68,245.03,1,1,0.89387
24,6,620.25,516.79,143.95,178.26,1,1,0.90633
24,7,1374.69,648.14,127.45,203.48,1,1,0.8902
24,8,817.95,549.66,169.78,185.77,1,1,0.89472
24,9,1440.66,486.49,146.56,188.23,1,1,0.87978
24,10,1043.82,534.7,144.1,183.6,1,1,0.87566
24,11,474.05,577.22,152.45,205.2,1,1,0.8813
24,12,958.7,619.28,127.31,207.13,1,1,0.88276
24,13,1271.95,529.85,148.22,177.71,1,1,0.8661
24,14,931.48,188.84,115.62,227.85,1,1,0.86936
24,15,329.83,863.02,129.0,215.45,1,1,0.87629
24,16,1580.51,1003.76,117.94,74.71,1,1,0.81035
25,0,544.23,671.28,141.86,292.65,1,1,0.91009
25,1,390.35,496.61,169.96,180.8,1,1,0.89475
25,2,882.45,304.35,161.18,247.51,1,1,0.90559
25,3,211.53,521.98,124.17,284.96,1,1,0.8898
25,4,1087.59,684.2,181.52,272.8,1,1,0.9038
25,5,1743.02,488.63,102.82,245.81,1,1,0.89453
25,6,620.32,518.08,144.16,178.24,1,1,0.90643
25,7,1374.39,649.25,128.23,203.52,1,1,0.89027
25,8,818.56,551.47,169.34,183.96,1,1,0.88995
25,9,1441.19,487.3,146.35,188.86,1,1,0.88163
25,10,1044.12,535.75,144.97,184.47,1,1,0.87738
25,11,474.14,578.43,152.49,205.6,1,1,0.88463
25,12,959.49,620.44,127.02,207.34,1,1,0.88055
25,13,1272.24,531.18,148.4,177.72,1,1,0.87132
25,14,930.94,189.72,116.72,228.1,1,1,0.86718
25,15,328.43,863.28,129.87,215.97,1,1,0.87338
25,16,1580.39,1005.21,118.1,74.04,1,1,0.82002
26,0,543.55,669.33,141.9,293.73,1,1,0.90989
26,1,389.58,495.64,169.18,180.36,1,1,0.89707
26,2,881.83,302.55,161.34,248.74,1,1,0.90451
26,3,210.9,521.26,125.35,285.12,1,1,0.88808
26,4,1087.09,682.41,180.79,273.87,1,1,0.90496
26,5,1742.57,487.72,103.35,245.89,1,1,0.89405
26,6,620.04,514.84,144.1,180.98,1,1,0.90727
26,7,1373.99,648.39,127.84,203.77,1,1,0.88898
26,8,817.05,550.8,169.69,178.64,1,1,0.89258
26,9,1440.32,486.37,145.92,189.48,1,1,0.87897
26,10,1043.4,534.11,144.85,185.22,1,1,0.8777
26,11,473.43,577.56,153.39,205.86,1,1,0.88278
26,12,959.0,619.83,126.85,207.0,1,1,0.88204
26,13,1271.65,529.46,146.85,178.89,1,1,0.87243
26,14,928.12,188.53,118.25,228.37,1,1,0.86534
26,15,327.64,861.81,129.3,216.99,1,1,0.87276
26,16,1580.03,1004.26,117.91,74.56,1,1,0.81626
27,0,544.21,667.45,142.2,295.47,1,1,0.91043
27,1,391.55,494.77,167.68,165.49,1,1,0.8838
27,2,882.91,301.83,160.73,249.42,1,1,0.90415
27,3,211.39,520.19,128.02,286.0,1,1,0.88796
27,4,1087.89,682.62,180.95,273.52,1,1,0.90467
27,5,1743.26,487.79,103.04,245.38,1,1,0.8933
27,6,620.87,511.43,143.48,183.8,1,1,0.90723
27,7,1374.96,648.15,127.66,203.64,1,1,0.89013
27,8,816.63,549.3,168.82,173.89,1,1,0.88863
27,9,1440.6,486.33,146.27,188.81,1,1,0.88129
27,10,1044.46,532.74,145.33,186.73,1,1,0.88274
27,11,474.99,577.54,152.71,206.04,1,1,0.87815
27,12,960.09,619.9,127.44,206.61,1,1,0.87995
27,13,1272.0,527.73,147.91,180.77,1,1,0.87596
27,14,929.24,187.65,118.14,228.94,1,1,0.87461
27,15,328.27,861.25,128.98,217.64,1,1,0.87431
27,16,1580.85,1004.03,117.68,74.87,1,1,0.81739
28,0,543.53,666.03,142.04,296.7,1,1,0.91112
28,1,391.55,493.64,165.82,154.89,1,1,0.89546
28,2,882.46,302.98,160.31,248.14,1,1,0.90039
28,3,210.97,519.57,128.63,286.08,1,1,0.88845
28,4,1086.89,682.4,180.84,273.63,1,1,0.90703
28,5,1742.55,487.76,102.98,245.59,1,1,0.89673
28,6,620.79,506.77,142.44,188.11,1,1,0.90857
28,7,1374.14,648.35,127.76,203.64,1,1,0.89116
28,8,816.41,547.35,166.66,170.05,1,1,0.87588
28,9,1439.61,486.59,146.7,188.92,1,1,0.88163
28,10,1041.7,530.82,147.34,188.13,1,1,0.8854
28,11,473.95,577.58,152.72,206.1,1,1,0.88524
28,12,959.86,619.87,127.13,206.4,1,1,0.87945
28,13,1272.82,525.88,146.93,182.3,1,1,0.87812
28,14,928.89,185.06,118.87,231.27,1,1,0.88557
28,15,328.47,860.97,127.4,217.97,1,1,0.88179
28,16,1580.62,1003.99,117.26,74.96,1,1,0.81699
29,0,543.5,668.08,141.89,294.2,1,1,0.91311
29,1,392.23,492.07,163.47,150.88,1,1,0.89609
29,2,882.25,303.65,159.84,246.32,1,1,0.89361
29,3,213.52,519.48,126.5,284.08,1,1,0.89598
29,4,1087.09,682.22,179.88,273.66,1,1,0.90645
29,5,1742.65,488.73,102.39,244.37,1,1,0.89701
29,6,621.35,504.06,141.46,190.25,1,1,0.90589
29,7,1374.09,648.9,127.77,203.13,1,1,0.88941
29,8,815.32,544.82,164.69,168.43,1,1,0.88765
29,9,1437.47,486.77,148.92,188.98,1,1,0.8819
29,10,1037.77,527.98,151.27,189.43,1,1,0.88079
29,11,473.47,577.51,152.74,205.61,1,1,0.89217
29,12,959.81,618.76,126.98,206.99,1,1,0.87243
29,13,1272.32,523.61,148.45,183.45,1,1,0.88207
29,14,926.27,182.87,122.2,233.06,1,1,0.88431
29,15,329.19,861.07,126.2,217.89,1,1,0.88441
29,16,1581.27,1004.04,116.56,74.93,1,1,0.81831
30,0,544.61,669.59,142.37,293.38,1,1,0.91609
30,1,394.47,490.81,159.04,148.89,1,1,0.89707
30,2,884.78,303.74,156.83,245.91,1,1,0.89444
30,3,217.24,521.63,123.53,279.45,1,1,0.903
30,4,1088.4,683.71,179.27,272.37,1,1,0.90388
30,5,1743.71,492.96,100.62,239.41,1,1,0.89716
30,6,621.35,502.45,142.43,191.44,1,1,0.91211
30,7,1374.79,649.9,128.56,202.51,1,1,0.89171
30,8,815.22,542.8,161.08,169.73,1,1,0.87732
30,9,1436.5,487.65,150.64,188.06,1,1,0.88659
30,10,1022.2,526.43,167.55,189.6,1,1,0.87144
30,11,473.15,577.91,152.69,207.18,1,1,0.89745
30,12,960.45,619.64,126.99,206.9,1,1,0.86184
30,13,1271.82,522.21,146.7,182.08,1,1,0.8789
30,14,925.12,179.03,124.39,237.0,1,1,0.88676
30,15,330.31,861.91,125.79,217.27,1,1,0.88972
30,16,1582.4,1004.59,116.02,74.59,1,1,0.82479
31,0,545.15,669.19,141.06,292.12,1,1,0.92788
31,1,396.82,488.08,150.86,145.77,1,1,0.91266
31,2,886.81,302.93,152.46,246.58,1,1,0.84035
31,3,218.73,524.13,119.7,274.57,1,1,0.93505
31,4,1088.76,681.7,177.64,272.63,1,1,0.91424
31,5,1745.07,498.72,98.57,230.86,1,1,0.90986
31,6,617.35,502.29,145.66,190.3,1,1,0.91918
31,7,1375.41,648.99,125.67,201.91,1,1,0.90135
31,8,820.74,539.82,152.16,166.25,1,1,0.84581
31,9,1435.11,487.75,151.88,185.48,1,1,0.89612
31,10,1003.98,525.35,184.46,182.54,1,1,0.87671
31,11,472.14,577.17,152.14,205.49,1,1,0.9014
31,12,960.44,615.89,125.82,209.38,1,1,0.86066
31,13,1263.44,520.21,156.1,177.86,1,1,0.89032
31,14,923.67,173.75,125.21,239.63,1,1,0.8918
31,15,332.18,862.06,122.46,216.8,1,1,0.90957
31,16,1583.73,1004.57,113.8,74.3,1,1,0.83445
32,0,545.38,668.62,141.89,293.41,1,1,0.92046
32,1,394.4,473.69,142.91,160.57,1,1,0.8906
32,2,890.93,305.14,144.56,238.89,1,1,0.87634
32,3,203.46,527.23,138.9,277.0,1,1,0.92781
32,4,1089.09,681.99,177.0,272.73,1,1,0.90933
32,5,1745.11,512.26,97.73,218.53,1,1,0.88331
32,6,605.99,495.96,156.99,198.08,1,1,0.92225
32,7,1374.9,646.83,127.02,205.79,1,1,0.89961
32,8,818.4,530.48,152.18,166.53,1,1,0.84554
32,9,1434.56,484.51,152.58,188.96,1,1,0.8948
32,10,1006.48,518.29,179.01,170.89,1,1,0.87722
32,11,473.47,574.06,153.51,208.9,1,1,0.89577
32,12,962.14,607.37,125.32,219.5,1,1,0.87869
32,13,1255.51,513.35,161.29,183.24,1,1,0.88487
32,14,919.45,168.47,131.14,241.93,1,1,0.88374
32,15,332.43,862.58,122.97,216.5,1,1,0.90015
32,16,1583.91,1005.42,113.62,73.66,1,1,0.83602
33,0,545.42,668.32,142.04,293.66,1,1,0.92138
33,1,393.5,468.52,139.96,165.67,1,1,0.89225
33,2,892.37,305.7,141.49,236.04,1,1,0.87561
33,3,198.03,528.21,145.45,277.73,1,1,0.92937
33,4,1088.84,682.01,176.83,272.7,1,1,0.90892
33,5,1745.0,516.92,97.42,214.13,1,1,0.88335
33,6,601.77,493.55,161.12,200.94,1,1,0.92238
33,7,1374.66,645.91,127.35,207.19,1,1,0.89997
33,8,817.8,527.0,152.07,166.73,1,1,0.84811
33,9,1434.19,483.26,153.07,190.52,1,1,0.89484
33,10,1007.58,515.65,176.62,166.63,1,1,0.87746
33,11,473.89,572.83,153.83,210.08,1,1,0.89615
33,12,962.71,604.07,124.99,223.2,1,1,0.87948
33,13,1252.35,510.73,163.3,185.26,1,1,0.88509
33,14,917.62,166.5,133.38,242.68,1,1,0.88479
33,15,332.53,862.65,122.95,216.39,1,1,0.90077
33,16,1583.83,1005.66,113.55,73.38,1,1,0.83665
34,0,545.7,666.9,142.34,293.46,1,1,0.92727
34,1,388.86,457.48,140.71,174.19,1,1,0.90984
34,2,895.29,305.92,136.16,229.92,1,1,0.86219
34,3,187.7,527.82,158.31,277.24,1,1,0.94442
34,4,1089.15,679.62,176.42,273.26,1,1,0.91132
34,5,1736.0,524.69,106.75,205.31,1,1,0.86994
34,6,597.04,487.51,164.92,205.35,1,1,0.91912
34,7,1376.0,640.01,126.1,211.68,1,1,0.90575
34,8,818.18,520.41,150.67,168.15,1,1,0.86549
34,9,1435.46,481.79,151.26,191.23,1,1,0.88978
34,10,1006.55,512.83,178.06,159.65,1,1,0.86103
34,11,477.86,567.99,149.37,207.74,1,1,0.8919
34,12,964.05,595.88,125.24,229.81,1,1,0.87978
34,13,1257.89,505.41,155.94,179.48,1,1,0.90033
34,14,916.55,166.41,134.2,237.72,1,1,0.87643
34,15,331.96,862.07,123.25,216.53,1,1,0.90751
34,16,1584.33,1004.61,113.03,73.99,1,1,0.83377
35,0,544.79,666.09,142.64,292.73,1,1,0.93742
35,1,377.73,447.36,146.74,182.95,1,1,0.91502
35,2,894.43,307.41,141.17,224.19,1,1,0.8897
35,3,185.82,526.7,161.58,276.9,1,1,0.95114
35,4,1088.32,677.32,175.59,273.96,1,1,0.91924
35,5,1732.03,529.74,110.23,200.45,1,1,0.86846
35,6,582.23,476.28,177.62,214.74,1,1,0.91965
35,7,1375.13,631.04,125.54,219.65,1,1,0.90792
35,8,812.66,509.77,156.39,179.56,1,1,0.88587
35,9,1431.09,478.5,153.24,192.19,1,1,0.91593
35,10,997.71,508.21,189.43,164.24,1,1,0.87791
35,11,481.43,559.55,143.17,212.72,1,1,0.88919
35,12,964.24,585.65,129.68,238.11,1,1,0.89294
35,13,1257.49,498.26,154.18,181.35,1,1,0.90344
35,14,916.18,167.59,134.58,229.66,1,1,0.88489
35,15,329.72,862.25,124.2,216.22,1,1,0.92026
35,16,1584.56,1004.23,111.89,74.23,1,1,0.83694
36,0,545.16,665.25,143.37,294.21,1,1,0.93837
36,1,367.88,439.62,153.86,188.17,1,1,0.90815
36,2,893.73,298.93,136.43,230.51,1,1,0.86582
36,3,194.57,523.38,154.62,280.67,1,1,0.9472
36,4,1087.88,676.56,176.16,275.5,1,1,0.91943
36,5,1732.56,534.63,110.6,197.67,1,1,0.86004
36,6,563.0,465.11,198.04,226.72,1,1,0.92577
36,7,1370.41,621.52,131.76,228.95,1,1,0.90026
36,8,807.9,499.93,164.63,194.21,1,1,0.89954
36,9,1424.72,475.91,159.65,196.12,1,1,0.91405
36,10,988.64,503.08,184.07,156.89,1,1,0.83631
36,11,490.02,552.3,135.45,218.14,1,1,0.89405
36,12,964.67,576.3,143.89,246.1,1,1,0.89612
36,13,1254.04,491.11,156.53,181.6,1,1,0.90097
36,14,919.18,171.73,136.65,224.63,1,1,0.89899
36,15,325.79,864.15,128.61,214.78,1,1,0.90452
36,16,1585.48,1005.66,112.16,73.27,1,1,0.85322
37,0,544.09,662.84,144.99,296.94,1,1,0.93717
37,1,359.23,431.34,158.16,193.25,1,1,0.90322
37,2,889.82,292.3,134.35,240.7,1,1,0.87859
37,3,206.4,518.42,143.24,283.25,1,1,0.94098
37,4,1086.91,676.32,178.22,276.44,1,1,0.92354
37,5,1733.63,538.15,109.43,195.05,1,1,0.86221
37,6,552.34,455.49,209.12,236.89,1,1,0.91092
37,7,1365.47,612.04,137.11,235.86,1,1,0.89857
37,8,799.22,489.54,174.77,205.69,1,1,0.91385
37,9,1418.14,471.05,163.85,199.62,1,1,0.91011
37,10,975.59,498.39,191.51,165.23,1,1,0.8353
37,11,496.44,541.55,130.21,226.49,1,1,0.89104
37,12,963.75,567.19,157.62,250.44,1,1,0.90229
37,13,1245.18,484.71,162.6,187.52,1,1,0.89031
37,14,917.62,176.52,142.67,221.93,1,1,0.88697
37,15,317.42,865.74,136.49,213.08,1,1,0.8846
37,16,1585.01,1006.58,113.02,72.25,1,1,0.84819
38,0,544.75,658.59,144.47,300.72,1,1,0.93835
38,1,354.43,423.15,157.45,205.62,1,1,0.90097
38,2,886.42,289.81,133.05,243.33,1,1,0.88261
38,3,222.11,512.08,128.61,285.54,1,1,0.92811
38,4,1087.23,675.66,179.24,276.97,1,1,0.92822
38,5,1734.83,541.33,107.93,192.1,1,1,0.87077
38,6,533.74,444.06,226.68,247.7,1,1,0.91134
38,7,1362.45,601.08,139.72,244.17,1,1,0.89183
38,8,785.46,479.78,186.34,214.97,1,1,0.91234
38,9,1408.97,465.27,172.77,204.62,1,1,0.91698
38,10,963.03,495.16,170.12,134.15,1,1,0.77013
38,11,494.63,530.19,137.21,240.12,1,1,0.88529
38,12,964.52,557.62,169.32,253.19,1,1,0.91083
38,13,1236.62,476.37,166.36,201.18,1,1,0.87011
38,14,914.08,180.27,150.91,222.08,1,1,0.89255
38,15,314.45,868.37,138.8,210.36,1,1,0.89575
38,16,1585.82,1007.76,113.32,70.98,1,1,0.8409
39,0,544.5,654.77,143.63,304.38,1,1,0.94312
39,1,351.67,417.36,154.14,215.51,1,1,0.91927
39,2,880.21,294.73,143.24,235.49,1,1,0.8376
39,3,231.98,508.18,120.36,278.29,1,1,0.93759
39,4,1088.01,674.28,181.22,278.82,1,1,0.93592
39,5,1741.16,543.91,101.75,190.27,1,1,0.89563
39,6,515.49,434.66,240.65,255.12,1,1,0.91694
39,7,1349.55,591.84,151.54,252.07,1,1,0.90028
39,8,770.17,473.67,197.54,221.12,1,1,0.91825
39,9,1397.14,458.82,181.31,207.97,1,1,0.91831
39,10,947.9,492.18,151.08,114.71,1,1,0.81907
39,11,497.12,518.02,138.17,269.36,1,1,0.88288
39,12,965.75,549.94,175.87,258.73,1,1,0.92593
39,13,1224.86,469.18,169.67,203.63,1,1,0.87633
39,14,910.01,188.96,157.74,214.27,1,1,0.90626
39,15,309.77,872.41,142.15,206.68,1,1,0.91542
39,16,1587.32,1010.34,112.49,68.74,1,1,0.84421
40,0,543.75,646.97,141.95,308.49,1,1,0.94827
40,1,340.66,411.91,146.96,233.87,1,1,0.93202
40,2,881.06,299.57,138.29,224.63,1,1,0.86015
40,3,244.15,501.85,119.7,267.19,1,1,0.9444
40,4,1088.71,665.82,183.34,285.87,1,1,0.94666
40,5,1738.19,548.92,108.3,186.52,1,1,0.8749
40,6,495.4,423.61,230.68,243.16,1,1,0.88062
40,7,1325.02,574.16,174.01,268.15,1,1,0.91403
40,8,735.95,469.0,216.32,223.15,1,1,0.89606
40,9,1367.45,447.45,178.88,195.31,1,1,0.8878
40,10,913.51,488.62,144.42,117.25,1,1,0.75184
40,11,507.13,501.39,129.34,281.05,1,1,0.86556
40,12,971.67,542.05,171.53,260.07,1,1,0.9353
40,13,1204.26,461.15,162.79,211.01,1,1,0.90419
40,14,907.96,200.02,164.13,204.05,1,1,0.91054
40,15,293.34,875.83,155.18,202.99,1,1,0.93894
40,16,1588.91,1013.5,113.52,65.32,1,1,0.83237
41,0,543.41,644.41,141.27,310.01,1,1,0.94817
41,1,336.62,410.25,144.27,240.99,1,1,0.93202
41,2,881.37,301.7,136.35,220.69,1,1,0.86064
41,3,248.25,499.9,119.5,263.04,1,1,0.94437
41,4,1088.9,663.01,184.13,288.51,1,1,0.94671
41,5,1737.07,550.95,110.61,185.28,1,1,0.87505
41,6,487.41,419.87,226.12,238.03,1,1,0.88072
41,7,1315.35,567.77,182.79,274.3,1,1,0.91413
41,8,722.51,467.74,223.56,223.78,1,1,0.89598
41,9,1355.65,443.49,177.75,190.25,1,1,0.88782
41,10,901.96,487.83,142.17,118.01,1,1,0.75167
41,11,510.76,495.09,126.02,285.81,1,1,0.86579
41,12,973.96,539.53,169.58,260.45,1,1,0.93539
41,13,1196.31,458.55,160.0,213.77,1,1,0.90427
41,14,907.11,204.39,166.57,200.36,1,1,0.91092
41,15,287.06,877.42,160.1,201.65,1,1,0.93905
41,16,1589.43,1014.98,113.86,64.09,1,1,0.83193
42,0,552.57,651.1,144.38,299.3,1,1,0.94097
42,1,341.17,408.78,124.25,246.97,1,1,0.87594
42,2,892.54,300.99,135.85,224.69,1,1,0.83029
42,3,265.99,494.77,139.96,263.98,1,1,0.93765
42,4,1106.28,655.5,187.81,292.44,1,1,0.94284
42,5,1758.52,558.59,108.51,179.73,1,1,0.84311
42,6,487.43,419.62,186.53,181.69,1,1,0.86312
42,7,1324.91,551.8,185.42,289.39,1,1,0.91177
42,8,714.42,472.31,215.87,220.89,1,1,0.91549
42,9,1341.1,442.81,180.7,166.01,1,1,0.89305
42,10,891.39,490.96,147.15,183.25,1,1,0.87553
42,11,529.32,492.01,146.66,277.67,1,1,0.84268
42,12,990.97,534.64,166.75,258.57,1,1,0.91148
42,13,1178.36,461.42,167.5,209.92,1,1,0.89371
42,14,907.23,208.41,176.83,198.99,1,1,0.90228
42,15,288.08,874.61,167.99,204.78,1,1,0.9366
42,16,1609.39,1021.37,119.1,58.02,1,1,0.78068
43,0,553.36,653.23,152.33,293.84,1,1,0.92047
43,1,339.15,403.55,120.42,250.44,1,1,0.84873
43,2,902.19,299.95,141.77,237.06,1,1,0.80872
43,3,275.72,488.49,151.46,264.57,1,1,0.92125
43,4,1118.28,648.66,189.66,294.2,1,1,0.92922
43,5,1771.02,563.26,106.75,176.33,1,1,0.80429
43,6,480.15,418.48,164.27,146.06,1,1,0.80371
43,7,1328.13,536.72,188.56,300.9,1,1,0.90082
43,8,698.57,472.68,225.14,219.52,1,1,0.91519
43,9,1327.96,441.02,186.32,142.31,1,1,0.86604
43,10,884.13,490.56,152.02,208.9,1,1,0.84406
43,11,545.03,488.68,147.35,269.98,1,1,0.83301
43,12,998.54,528.94,166.72,256.34,1,1,0.89928
43,13,1164.25,464.78,177.92,206.54,1,1,0.88435
43,14,904.77,205.11,181.86,204.37,1,1,0.84878
43,15,288.14,865.75,171.07,212.68,1,1,0.92889
43,16,1623.96,1024.22,122.85,54.27,1,1,0.72717
44,0,550.42,654.94,155.34,291.79,1,1,0.92088
44,1,335.8,402.58,119.23,251.64,1,1,0.84904
44,2,902.58,300.45,144.0,241.82,1,1,0.80952
44,3,276.05,487.12,156.09,264.85,1,1,0.92132
44,4,1119.62,647.02,190.3,294.74,1,1,0.92927
44,5,1772.49,565.61,106.21,175.24,1,1,0.80438
44,6,475.16,419.15,156.78,135.29,1,1,0.8038
44,7,1326.18,531.86,189.66,305.28,1,1,0.9009
44,8,689.55,473.86,228.55,218.89,1,1,0.91526
44,9,1319.87,441.4,188.44,134.38,1,1,0.86615
44,10,878.45,491.64,154.02,220.77,1,1,0.8448
44,11,547.81,488.55,147.6,266.06,1,1,0.83391
44,12,998.1,527.86,166.66,255.36,1,1,0.89928
44,13,1155.74,467.09,181.91,205.16,1,1,0.88437
44,14,900.43,204.67,183.85,206.42,1,1,0.85034
44,15,284.94,863.29,172.17,215.65,1,1,0.92896
44,16,1626.25,1025.92,124.29,53.06,1,1,0.72757
45,0,544.3,657.64,163.17,290.18,1,1,0.91694
45,1,327.96,400.15,126.98,251.27,1,1,0.83942
45,2,905.68,302.73,150.1,236.46,1,1,0.80194
45,3,276.45,481.7,160.26,263.8,1,1,0.91527
45,4,1123.48,645.34,186.12,292.27,1,1,0.92274
45,5,1778.26,573.85,102.95,165.24,1,1,0.80389
45,6,461.0,419.72,153.48,118.82,1,1,0.82001
45,7,1339.3,525.01,172.47,302.49,1,1,0.8819
45,8,677.04,474.67,243.02,219.56,1,1,0.92182
45,9,1306.68,441.63,190.92,116.17,1,1,0.8395
45,10,880.14,492.53,143.52,223.06,1,1,0.83332
45,11,550.49,488.39,140.43,252.06,1,1,0.86641
45,12,997.32,523.9,167.44,251.16,1,1,0.89203
45,13,1144.42,471.7,183.93,199.49,1,1,0.85601
45,14,894.28,205.51,173.38,202.89,1,1,0.8147
45,15,283.37,856.03,172.19,222.69,1,1,0.93148
45,16,1627.65,1029.71,124.23,49.06,1,1,0.71302
46,0,539.37,662.81,173.86,288.97,1,1,0.93289
46,1,318.87,402.96,142.64,251.59,1,1,0.83578
46,2,906.22,300.85,152.55,236.51,1,1,0.87078
46,3,276.92,477.16,165.98,263.59,1,1,0.92693
46,4,1131.54,647.86,175.28,287.24,1,1,0.93253
46,5,1791.52,582.84,116.44,230.41,1,1,0.67511
46,6,450.92,423.11,154.1,170.86,1,1,0.80901
46,7,1346.8,523.2,164.38,294.42,1,1,0.92468
46,8,678.13,479.4,241.15,218.36,1,1,0.92801
46,9,1292.67,445.08,187.51,110.92,1,1,0.84618
46,10,887.08,495.92,131.37,226.74,1,1,0.88938
46,11,546.75,488.34,147.85,243.33,1,1,0.85632
46,12,998.62,520.64,171.54,250.13,1,1,0.90057
46,13,1134.12,481.4,186.57,190.06,1,1,0.84956
46,14,889.63,211.74,161.33,203.5,1,1,0.78183
46,15,288.25,851.34,172.47,228.24,1,1,0.94419
47,0,535.53,662.77,185.96,286.93,1,1,0.92961
47,1,309.91,402.93,158.08,250.19,1,1,0.77126
47,2,916.43,295.6,144.81,234.17,1,1,0.86856
47,3,276.58,465.79,173.89,268.01,1,1,0.91188
47,4,1138.51,646.14,167.89,282.77,1,1,0.91656
47,5,1799.64,586.78,118.04,242.51,1,1,0.85918
47,6,445.83,422.19,154.6,206.85,1,1,0.87994
47,7,1359.97,515.88,153.65,293.83,1,1,0.91371
47,8,671.96,480.24,240.04,216.68,1,1,0.91799
47,9,1282.49,443.62,180.54,112.74,1,1,0.83279
47,10,882.33,489.8,135.52,232.48,1,1,0.8849
47,11,557.15,482.81,146.96,248.99,1,1,0.86876
47,12,1005.71,512.49,166.73,249.38,1,1,0.88961
47,13,1125.74,486.67,197.55,185.02,1,1,0.86899
47,15,296.43,841.06,179.25,237.17,1,1,0.94697
48,0,542.7,661.6,191.1,288.63,1,1,0.91384
48,2,922.8,293.87,143.12,232.09,1,1,0.86864
48,3,279.02,452.3,181.29,277.7,1,1,0.88776
48,4,1147.72,647.92,168.08,282.42,1,1,0.90724
48,5,1799.92,594.41,122.95,264.7,1,1,0.84055
48,6,449.37,422.27,150.55,224.81,1,1,0.88159
48,7,1374.13,512.4,143.83,294.69,1,1,0.91977
48,8,668.17,483.61,232.12,212.55,1,1,0.90408
48,9,1277.06,445.41,169.7,122.4,1,1,0.80342
48,10,875.16,486.41,146.94,235.87,1,1,0.88908
48,11,571.09,480.25,147.98,254.72,1,1,0.87259
48,12,1010.4,506.41,170.79,254.18,1,1,0.89556
48,13,1123.92,491.35,205.53,179.12,1,1,0.86254
48,15,313.35,834.66,185.96,243.99,1,1,0.93231
48,14,881.52,215.49,146.5,193.1,1,1,0.72591
49,0,551.02,658.8,198.63,292.74,1,1,0.91768
49,2,928.85,290.67,141.89,236.4,1,1,0.85849
49,3,285.84,446.21,187.15,282.41,1,1,0.90282
49,4,1158.66,652.57,186.14,284.98,1,1,0.90228
49,5,1814.99,600.5,110.39,259.51,1,1,0.79831
49,6,464.06,422.79,140.9,233.38,1,1,0.86832
49,7,1384.79,510.71,140.19,296.46,1,1,0.9247
49,8,672.03,486.66,216.46,211.77,1,1,0.89662
49,9,1273.45,448.23,163.87,152.31,1,1,0.76541
49,10,873.2,482.11,159.81,240.88,1,1,0.88435
49,11,582.59,479.53,138.71,254.94,1,1,0.85112
49,12,1012.11,502.76,184.26,262.32,1,1,0.91335
49,13,1128.92,499.79,192.06,169.76,1,1,0.86405
49,15,334.71,829.39,191.44,249.99,1,1,0.9329
49,14,879.49,219.54,137.52,188.46,1,1,0.82703
49,1,349.01,414.71,136.53,242.05,1,1,0.75983
50,0,561.0,650.72,202.5,296.84,1,1,0.92031
50,2,932.51,285.66,139.42,240.58,1,1,0.87318
50,3,297.11,434.1,181.02,288.54,1,1,0.9176
50,4,1170.64,654.05,185.87,287.96,1,1,0.89489
50,5,1847.89,608.65,77.2,254.76,1,1,0.76012
50,6,471.83,419.47,134.8,237.13,1,1,0.89733
50,7,1391.77,505.9,143.68,294.06,1,1,0.94519
50,8,679.14,484.75,189.5,212.57,1,1,0.904
50,9,1269.98,448.39,163.06,165.92,1,1,0.85659
50,10,867.34,474.31,177.3,247.3,1,1,0.9112
50,11,587.22,478.11,137.98,249.36,1,1,0.88208
50,12,1018.59,496.62,181.61,262.24,1,1,0.91971
50,13,1133.47,505.26,165.57,159.49,1,1,0.85321
50,15,355.81,821.44,188.45,256.98,1,1,0.93672
50,14,879.96,220.16,122.74,185.49,1,1,0.84226
51,0,564.4,643.84,204.51,301.75,1,1,0.93078
51,2,926.4,279.59,140.16,249.76,1,1,0.89105
51,3,306.46,427.37,161.99,289.31,1,1,0.91988
51,4,1177.47,656.73,197.59,287.68,1,1,0.9192
51,5,1863.75,616.05,58.0,246.98,1,1,0.70647
51,6,470.8,415.82,132.14,238.6,1,1,0.90759
51,7,1393.61,503.15,145.19,286.33,1,1,0.95084
51,8,671.8,479.56,190.71,217.44,1,1,0.8998
51,9,1261.53,448.61,164.63,176.98,1,1,0.88657
51,10,855.97,470.69,190.75,246.31,1,1,0.91283
51,11,574.23,473.31,146.62,247.22,1,1,0.87487
51,12,1024.54,491.26,166.55,262.52,1,1,0.91109
51,13,1135.63,511.24,147.18,158.94,1,1,0.77951
51,15,365.64,814.02,186.65,264.43,1,1,0.92938
51,14,876.43,221.92,110.15,172.14,1,1,0.8308
52,0,559.44,641.73,199.79,297.56,1,1,0.93743
52,2,913.9,277.62,149.09,254.69,1,1,0.88526
52,3,310.78,428.67,139.86,282.41,1,1,0.91725
52,4,1181.9,659.86,202.67,287.24,1,1,0.93892
52,5,1867.92,623.22,51.8,218.93,1,1,0.7761
52,6,462.65,413.91,134.23,226.23,1,1,0.91862
52,7,1390.94,503.06,144.94,276.59,1,1,0.95409
52,8,668.03,474.79,195.72,223.82,1,1,0.90408
52,9,1250.48,449.74,171.61,185.44,1,1,0.90214
52,10,841.33,468.82,199.12,242.46,1,1,0.92809
52,11,552.82,469.03,168.37,244.79,1,1,0.88995
52,12,1027.44,487.35,146.96,266.59,1,1,0.91131
52,13,1136.39,519.94,136.64,148.85,1,1,0.87544
52,15,370.31,807.54,184.72,271.59,1,1,0.9371
52,14,869.91,227.36,102.17,169.75,1,1,0.78809
53,0,552.23,638.27,194.77,291.11,1,1,0.9442
53,2,904.08,275.19,160.66,255.55,1,1,0.9021
53,3,312.16,427.15,120.24,280.8,1,1,0.91659
53,4,1187.67,657.9,204.61,289.27,1,1,0.94347
53,5,1849.71,626.62,69.55,220.59,1,1,0.86355
53,6,452.24,409.77,137.06,222.71,1,1,0.91854
53,7,1388.3,501.45,144.01,269.35,1,1,0.94969
53,8,664.01,465.46,201.62,231.69,1,1,0.90253
53,9,1240.26,447.95,175.32,193.66,1,1,0.88897
53,10,821.16,465.87,206.06,244.75,1,1,0.91787
53,11,536.32,460.04,191.51,258.65,1,1,0.88395
53,12,1023.24,482.41,143.51,271.04,1,1,0.89633
53,13,1137.12,525.94,135.26,142.56,1,1,0.88427
53,15,372.32,798.62,182.78,280.0,1,1,0.94221
53,14,857.73,229.88,109.02,173.45,1,1,0.81408
54,0,556.46,634.63,189.52,288.36,1,1,0.94315
54,2,927.26,274.77,147.53,259.44,1,1,0.84427
54,3,318.02,428.52,107.24,279.84,1,1,0.90026
54,4,1197.61,654.5,212.3,291.61,1,1,0.95371
54,5,1871.41,623.25,50.25,232.11,1,1,0.84611
54,6,449.09,406.54,136.5,217.07,1,1,0.9023
54,7,1397.15,502.25,138.94,262.14,1,1,0.9453
54,8,665.68,464.89,207.43,232.54,1,1,0.86553
54,9,1239.55,446.99,177.54,209.44,1,1,0.88242
54,10,805.69,463.52,200.96,250.16,1,1,0.91017
54,11,532.74,450.14,210.32,273.21,1,1,0.8883
54,12,1022.22,480.78,149.72,272.13,1,1,0.90265
54,13,1135.36,528.83,147.3,141.65,1,1,0.87451
54,15,382.09,791.35,178.48,287.42,1,1,0.95207
54,14,846.48,235.9,125.4,179.65,1,1,0.80305
55,0,567.18,631.14,191.06,288.16,1,1,0.93911
55,2,945.64,274.05,143.48,254.03,1,1,0.87216
55,3,327.53,423.35,101.51,284.47,1,1,0.87623
55,4,1207.68,649.37,209.75,291.17,1,1,0.88732
55,6,450.49,401.86,133.24,220.62,1,1,0.90477
55,7,1406.6,502.08,139.99,258.09,1,1,0.93874
55,8,668.88,464.52,209.01,228.29,1,1,0.85467
55,9,1239.67,444.55,186.63,219.93,1,1,0.88602
55,10,797.69,462.62,187.41,251.9,1,1,0.91766
55,11,534.72,439.94,220.8,278.12,1,1,0.86441
55,12,1024.49,478.97,157.94,268.77,1,1,0.88028
55,13,1137.46,529.17,157.26,137.39,1,1,0.84818
55,15,396.12,783.87,165.58,293.95,1,1,0.9455
55,14,842.54,239.03,139.13,196.4,1,1,0.85189
56,0,579.1,626.44,190.98,290.69,1,1,0.93467
56,2,950.13,272.2,151.98,241.73,1,1,0.88089
56,3,334.15,415.81,102.53,291.31,1,1,0.87298
56,4,1211.16,642.97,232.29,295.57,1,1,0.95017
56,6,448.84,399.11,132.83,222.95,1,1,0.90493
56,7,1410.36,500.08,146.76,258.14,1,1,0.93509
56,8,674.01,464.01,192.05,215.85,1,1,0.85286
56,9,1235.53,443.17,189.39,230.08,1,1,0.87052
56,10,812.9,462.78,165.64,250.89,1,1,0.90985
56,11,540.82,431.07,210.52,281.35,1,1,0.85565
56,12,1027.13,480.97,159.07,257.37,1,1,0.87824
56,13,1142.61,531.78,160.31,133.85,1,1,0.84882
56,15,407.03,776.19,147.32,291.5,1,1,0.94879
56,14,833.35,240.07,149.37,212.52,1,1,0.85564
57,0,589.64,623.91,184.41,292.43,1,1,0.93916
57,2,956.03,269.88,151.92,231.69,1,1,0.86475
57,3,338.43,415.59,104.36,292.41,1,1,0.86722
57,4,1218.92,640.8,199.63,290.52,1,1,0.90908
57,6,446.26,398.57,133.01,225.5,1,1,0.90381
57,7,1403.13,496.76,163.62,262.45,1,1,0.93268
57,8,674.35,459.25,181.35,211.64,1,1,0.83446
57,9,1230.97,444.89,188.48,231.96,1,1,0.86763
57,10,807.13,463.35,180.34,252.61,1,1,0.89142
57,11,551.48,424.98,189.63,285.86,1,1,0.87821
57,12,1027.05,481.25,163.77,253.54,1,1,0.8809
57,13,1145.24,535.37,161.76,129.05,1,1,0.85917
57,15,407.46,770.47,152.51,293.5,1,1,0.93324
57,14,823.0,240.86,170.42,226.78,1,1,0.86898
58,0,602.44,623.26,173.79,291.84,1,1,0.93137
58,2,961.87,265.58,155.74,236.32,1,1,0.87366
58,3,341.08,420.58,105.92,286.17,1,1,0.88698
58,4,1232.2,640.33,186.66,280.66,1,1,0.92259
58,6,445.63,399.37,131.95,229.26,1,1,0.90907
58,7,1409.68,492.04,166.53,264.62,1,1,0.9275
58,8,676.27,451.55,169.53,210.27,1,1,0.83808
58,9,1230.17,447.35,190.76,236.11,1,1,0.85658
58,10,802.28,464.56,195.4,253.85,1,1,0.90075
58,11,567.2,420.29,171.42,288.79,1,1,0.86611
58,12,1035.81,480.8,148.17,253.25,1,1,0.85094
58,13,1145.58,541.98,166.82,122.67,1,1,0.85098
58,15,408.8,766.74,163.45,296.04,1,1,0.93548
58,14,822.73,242.36,165.51,236.53,1,1,0.86583
58,17,1.47,517.82,35.41,294.39,1,1,0.82924
59,0,614.75,618.47,159.44,288.13,1,1,0.93809
59,2,983.74,259.38,138.06,240.15,1,1,0.84517
59,3,339.43,417.39,107.34,284.6,1,1,0.88952
59,4,1252.93,637.26,151.05,276.65,1,1,0.85523
59,6,443.09,397.64,131.95,230.94,1,1,0.91754
59,7,1412.31,484.51,172.2,269.74,1,1,0.91879
59,8,683.43,454.33,148.9,202.59,1,1,0.80215
59,9,1217.12,447.27,195.87,237.64,1,1,0.89726
59,10,795.9,461.42,205.09,255.74,1,1,0.92817
59,11,578.07,411.69,157.32,294.63,1,1,0.87399
59,12,1030.21,482.58,143.05,245.67,1,1,0.85836
59,13,1145.45,546.81,169.17,115.6,1,1,0.8257
59,15,410.85,757.32,172.84,300.86,1,1,0.94133
59,14,822.73,241.27,168.15,241.37,1,1,0.88762
59,17,1.64,547.92,37.82,245.57,1,1,0.84477
60,0,625.78,620.21,154.64,280.83,1,1,0.91671
60,2,991.25,258.84,138.75,239.01,1,1,0.83638
60,3,340.58,416.67,108.44,278.5,1,1,0.89357
60,4,1274.85,637.58,122.27,278.69,1,1,0.87069
60,6,443.32,399.85,141.16,236.06,1,1,0.91061
60,7,1416.7,482.4,170.55,271.26,1,1,0.91752
60,8,685.42,453.12,143.5,204.65,1,1,0.84005
60,9,1212.74,452.51,195.1,229.67,1,1,0.92256
60,10,791.68,462.51,208.93,257.1,1,1,0.91662
60,11,594.37,409.04,138.46,299.38,1,1,0.85534
60,12,1021.39,489.28,147.62,239.84,1,1,0.8419
60,13,1141.15,556.7,172.75,110.02,1,1,0.85139
60,15,419.97,751.05,182.24,307.83,1,1,0.93159
60,14,821.64,245.66,156.69,245.15,1,1,0.89945
60,17,2.16,568.82,50.11,220.63,1,1,0.9246
61,0,632.49,619.52,157.39,272.79,1,1,0.91234
61,2,999.56,257.37,145.59,242.26,1,1,0.8824
61,3,342.57,411.15,110.83,276.15,1,1,0.89518
61,4,1292.03,631.92,119.36,282.99,1,1,0.81885
61,6,440.48,399.64,155.9,238.77,1,1,0.91609
61,7,1421.09,479.12,164.84,261.68,1,1,0.9307
61,8,680.76,442.33,148.73,210.13,1,1,0.8206
61,9,1211.08,455.67,189.68,215.19,1,1,0.91477
61,10,792.16,461.82,203.42,256.16,1,1,0.91083
61,11,610.71,406.27,119.85,302.18,1,1,0.84529
61,12,1009.84,494.08,162.12,234.15,1,1,0.86391
61,13,1140.77,560.39,170.8,106.63,1,1,0.84588
61,15,429.22,741.46,182.78,313.08,1,1,0.9363
61,14,817.64,249.34,156.47,245.27,1,1,0.93216
61,17,2.46,578.7,66.67,211.18,1,1,0.93527
62,0,630.27,616.42,163.56,269.59,1,1,0.92769
62,2,1002.04,251.31,161.44,250.4,1,1,0.86549
62,3,325.01,398.34,129.63,284.4,1,1,0.90702
62,4,1295.13,620.21,142.18,292.05,1,1,0.8583
62,6,425.31,396.23,172.4,241.97,1,1,0.91471
62,7,1414.77,475.12,165.07,253.29,1,1,0.92793
62,8,665.46,420.6,159.23,227.37,1,1,0.82846
62,9,1199.7,456.6,185.83,207.76,1,1,0.91647
62,10,781.97,459.59,187.6,257.66,1,1,0.879
62,11,615.82,400.86,102.4,304.65,1,1,0.84379
62,12,987.37,494.46,185.4,231.0,1,1,0.86663
62,13,1130.42,565.01,171.48,102.37,1,1,0.84968
62,15,427.87,729.79,171.83,303.93,1,1,0.93649
62,14,799.53,250.14,169.16,243.26,1,1,0.92426
62,17,-1.9,585.85,78.46,203.37,1,1,0.941
63,0,618.03,615.77,178.47,268.55,1,1,0.95165
63,2,1006.8,247.72,169.12,250.41,1,1,0.88835
63,3,290.7,385.8,165.32,296.39,1,1,0.94707
63,4,1289.48,615.57,146.87,295.45,1,1,0.89748
63,6,403.83,394.1,189.6,250.74,1,1,0.92921
63,7,1404.68,475.04,166.92,247.64,1,1,0.9364
63,8,646.43,404.86,162.76,238.41,1,1,0.83334
63,9,1190.08,460.2,180.71,207.57,1,1,0.89878
63,10,766.62,459.78,169.62,260.45,1,1,0.91662
63,11,614.18,397.98,94.28,302.62,1,1,0.82604
63,12,967.64,496.75,203.73,228.35,1,1,0.86396
63,13,1116.76,565.02,169.43,107.79,1,1,0.85579
63,15,422.41,723.23,159.16,286.49,1,1,0.95188
63,14,777.2,253.28,182.24,240.32,1,1,0.93329
63,17,-5.12,594.99,85.31,208.42,1,1,0.90185
64,0,608.89,613.33,195.01,267.85,1,1,0.94748
64,2,1017.68,240.04,174.16,243.77,1,1,0.85653
64,3,267.3,379.66,198.2,299.82,1,1,0.93706
64,4,1284.9,610.31,138.77,285.59,1,1,0.90805
64,6,394.12,392.96,197.85,258.79,1,1,0.92798
64,7,1398.2,475.22,171.53,241.64,1,1,0.93376
64,8,643.17,395.96,138.66,246.81,1,1,0.79535
64,9,1185.25,463.68,177.56,204.52,1,1,0.91472
64,10,754.54,458.86,149.54,262.17,1,1,0.9145
64,11,609.73,393.68,97.32,282.58,1,1,0.8268
64,12,960.35,490.36,215.01,236.33,1,1,0.84914
64,13,1106.34,567.34,180.08,105.57,1,1,0.82627
64,15,421.37,717.23,154.67,280.29,1,1,0.94693
64,14,760.81,258.56,193.76,233.26,1,1,0.93398
64,17,-3.4,605.23,95.0,230.3,1,1,0.8901
65,0,603.27,609.37,202.94,264.26,1,1,0.94241
65,2,1035.66,232.67,170.51,243.23,1,1,0.88573
65,3,251.03,373.73,223.31,299.96,1,1,0.9362
65,4,1278.17,602.52,143.12,267.25,1,1,0.91868
65,6,388.36,388.4,196.37,265.79,1,1,0.92878
65,7,1395.18,472.95,174.11,239.34,1,1,0.93834
65,8,641.11,385.26,134.82,253.9,1,1,0.84571
65,9,1180.21,463.5,174.29,209.11,1,1,0.92511
65,10,748.13,451.93,143.32,265.96,1,1,0.92134
65,11,599.52,386.19,100.33,277.71,1,1,0.85935
65,12,960.98,450.73,213.49,274.1,1,1,0.90507
65,13,1094.18,563.58,185.03,108.07,1,1,0.83152
65,15,419.09,708.44,159.36,280.95,1,1,0.94948
65,14,744.18,260.78,194.91,218.75,1,1,0.93828
65,17,-2.17,614.15,113.83,250.44,1,1,0.91363
66,0,610.44,608.41,193.15,258.21,1,1,0.94112
66,2,1050.69,227.8,174.37,243.18,1,1,0.89764
66,3,252.08,373.88,228.74,297.18,1,1,0.93734
66,4,1277.98,600.42,153.1,262.78,1,1,0.93386
66,6,382.75,388.26,191.78,271.32,1,1,0.92858
66,7,1395.81,473.89,176.11,240.92,1,1,0.93803
66,8,643.69,379.9,126.78,260.35,1,1,0.83946
66,9,1175.42,465.83,175.08,207.86,1,1,0.92134
66,10,743.99,447.01,151.69,271.38,1,1,0.92706
66,11,594.49,383.71,104.91,280.0,1,1,0.81955
66,12,959.1,446.12,209.18,279.36,1,1,0.90829
66,13,1089.44,565.33,199.53,111.01,1,1,0.82059
66,15,420.15,702.5,171.04,287.48,1,1,0.95131
66,14,728.26,264.87,185.61,212.33,1,1,0.91618
66,17,-0.12,626.18,134.01,257.44,1,1,0.94098
67,0,625.36,608.04,172.87,250.96,1,1,0.93789
67,2,1073.87,226.8,175.48,233.7,1,1,0.93444
67,3,266.65,377.28,212.1,292.06,1,1,0.94061
67,4,1287.2,600.49,158.65,261.94,1,1,0.95155
67,6,385.54,388.81,182.78,272.93,1,1,0.93354
67,7,1408.16,474.48,177.08,242.44,1,1,0.93676
67,8,654.91,377.92,123.54,262.67,1,1,0.82537
67,9,1178.66,468.12,178.04,212.48,1,1,0.88479
67,10,744.58,440.97,161.39,276.02,1,1,0.92575
67,11,603.4,380.61,105.84,288.01,1,1,0.8474
67,12,950.55,456.72,218.18,269.86,1,1,0.92599
67,13,1096.65,568.6,186.99,109.04,1,1,0.80355
67,15,425.54,695.52,179.33,294.31,1,1,0.95988
67,14,717.72,269.03,166.66,204.64,1,1,0.91766
67,17,3.32,640.14,164.1,252.72,1,1,0.95247
68,0,622.6,601.51,148.65,247.41,1,1,0.89775
68,2,1090.16,216.83,179.07,235.42,1,1,0.89135
68,3,270.32,372.04,188.91,290.75,1,1,0.91556
68,4,1285.71,595.65,165.01,263.37,1,1,0.91962
68,6,375.49,384.94,189.16,273.15,1,1,0.93038
68,7,1405.25,469.16,184.47,243.69,1,1,0.92003
68,8,660.76,371.37,109.12,258.39,1,1,0.80861
68,9,1170.81,467.2,187.8,210.65,1,1,0.86182
68,10,729.89,431.12,168.36,279.51,1,1,0.89862
68,11,604.37,372.31,97.39,292.88,1,1,0.82168
68,12,930.43,464.35,222.33,256.57,1,1,0.91106
68,13,1093.67,570.31,174.13,106.21,1,1,0.78594
68,15,416.26,681.95,186.44,301.38,1,1,0.93472
68,14,694.9,265.15,164.96,215.75,1,1,0.85225
68,17,1.07,646.88,191.32,259.3,1,1,0.90544
69,0,602.43,600.6,131.35,247.83,1,1,0.89055
69,2,1096.21,212.1,181.39,237.64,1,1,0.90091
69,3,255.63,370.53,160.53,291.88,1,1,0.90405
69,4,1277.1,593.07,171.56,267.2,1,1,0.91485
69,6,352.01,385.53,202.24,273.22,1,1,0.9295
69,7,1392.95,469.32,190.49,243.48,1,1,0.92163
69,8,650.53,370.0,103.04,254.39,1,1,0.76667
69,9,1159.27,472.77,191.16,214.62,1,1,0.88683
69,10,707.75,427.26,171.78,279.28,1,1,0.90293
69,11,586.98,370.48,101.59,295.43,1,1,0.85533
69,12,906.93,463.56,213.74,256.3,1,1,0.92395
69,13,1069.78,576.82,179.76,103.26,1,1,0.80022
69,15,396.73,675.09,186.64,294.92,1,1,0.93528
69,14,658.35,264.3,184.11,225.92,1,1,0.88591
69,17,-6.08,657.2,206.82,259.88,1,1,0.92833
70,0,576.43,602.95,136.09,241.74,1,1,0.90937
70,2,1099.59,210.14,187.68,239.67,1,1,0.89838
70,3,235.68,372.87,151.21,289.5,1,1,0.89831
70,4,1273.53,587.68,174.81,271.73,1,1,0.91413
70,6,330.74,388.45,208.73,265.41,1,1,0.91468
70,7,1385.57,470.66,190.78,240.6,1,1,0.92012
70,8,631.06,371.0,94.08,239.48,1,1,0.70826
70,9,1146.7,478.63,194.53,211.92,1,1,0.88022
70,10,685.92,426.56,158.05,274.33,1,1,0.89097
70,11,566.75,370.5,104.07,292.29,1,1,0.86406
70,12,902.59,460.93,186.98,255.4,1,1,0.93046
70,15,376.84,669.94,174.07,278.31,1,1,0.93024
70,14,621.78,264.63,199.81,228.56,1,1,0.86923
70,17,-8.74,666.37,212.34,257.11,1,1,0.93726
71,0,540.87,600.73,149.47,238.84,1,1,0.90231
71,2,1090.71,203.31,200.38,243.75,1,1,0.90536
71,3,201.06,373.88,148.37,286.34,1,1,0.87577
71,4,1257.64,577.42,177.6,275.84,1,1,0.90363
71,6,304.91,387.37,208.94,253.85,1,1,0.88169
71,7,1375.55,468.24,184.71,237.67,1,1,0.90834
71,9,1122.69,483.03,199.72,195.33,1,1,0.88063
71,10,652.95,419.22,146.45,278.51,1,1,0.85917
71,11,526.26,363.79,126.64,289.88,1,1,0.86702
71,12,888.74,448.05,166.71,263.54,1,1,0.9205
71,15,344.85,661.5,161.27,267.38,1,1,0.92012
71,14,577.88,261.04,219.25,222.73,1,1,0.86516
71,17,-12.02,669.64,208.16,258.8,1,1,0.92899
72,0,500.29,602.67,165.04,234.6,1,1,0.9108
72,2,1081.78,199.67,209.63,247.43,1,1,0.92156
72,3,167.39,378.16,138.77,280.55,1,1,0.87936
72,4,1236.64,575.83,181.36,261.16,1,1,0.90663
72,6,270.83,390.55,202.01,244.72,1,1,0.87259
72,7,1362.06,469.13,181.28,235.5,1,1,0.91098
72,9,1092.07,492.48,209.52,187.93,1,1,0.88196
72,10,617.92,420.58,134.46,281.4,1,1,0.86997
72,11,473.97,363.44,151.35,289.15,1,1,0.88482
72,12,861.96,440.19,161.13,273.36,1,1,0.92616
72,15,307.68,659.48,170.53,263.88,1,1,0.92243
72,14,532.44,262.31,174.37,182.01,1,1,0.78398
72,17,-13.5,678.89,203.06,264.14,1,1,0.92766
73,0,440.92,603.71,181.08,230.63,1,1,0.90935
73,2,1056.66,194.85,218.91,242.09,1,1,0.90375
73,3,114.21,382.31,152.12,265.25,1,1,0.87963
73,4,1198.14,572.7,186.85,244.27,1,1,0.90628
73,6,218.7,393.75,189.96,247.4,1,1,0.87799
73,7,1336.26,467.28,175.24,235.66,1,1,0.91068
73,9,1040.87,501.1,214.45,175.05,1,1,0.87981
73,10,567.73,412.23,128.03,289.69,1,1,0.87184
73,11,411.91,362.9,165.75,287.52,1,1,0.88849
73,12,804.01,428.47,188.16,285.65,1,1,0.92224
73,15,254.33,653.62,185.07,266.33,1,1,0.92074
73,14,467.55,260.62,142.62,153.14,1,1,0.85416
73,17,-19.37,686.67,188.08,271.75,1,1,0.92093
74,0,377.81,603.66,191.97,230.89,1,1,0.89005
74,2,1034.29,191.0,218.94,229.91,1,1,0.89742
74,3,48.83,390.1,152.68,231.12,1,1,0.86814
74,4,1155.73,568.18,192.75,238.63,1,1,0.90178
74,6,161.95,393.77,179.65,253.05,1,1,0.86127
74,7,1298.33,463.19,169.61,236.83,1,1,0.90471
74,9,981.1,507.45,224.37,173.83,1,1,0.85602
74,10,506.34,413.99,135.12,290.22,1,1,0.86235
74,11,352.7,365.31,177.98,286.87,1,1,0.87811
74,12,728.37,420.27,224.33,291.74,1,1,0.90341
74,15,191.56,646.16,204.29,271.68,1,1,0.9135
74,14,395.66,258.98,132.01,140.65,1,1,0.81637
74,17,-22.12,692.74,165.74,277.82,1,1,0.89795
74,13,874.9,603.69,189.1,109.75,1,1,0.64715
75,0,322.26,604.08,197.97,233.32,1,1,0.89456
75,2,1025.77,193.59,205.03,222.96,1,1,0.91262
75,3,-0.87,391.59,141.71,212.42,1,1,0.85944
75,4,1118.72,565.01,203.57,239.57,1,1,0.91435
75,6,110.64,399.39,177.1,243.91,1,1,0.87049
75,7,1263.97,460.4,162.85,243.71,1,1,0.89149
75,9,926.69,515.36,229.67,176.12,1,1,0.87295
75,10,452.81,418.39,143.96,287.41,1,1,0.87752
75,11,307.28,370.47,174.25,289.64,1,1,0.89238
75,12,654.33,419.1,259.65,288.62,1,1,0.91065
75,15,136.93,641.24,213.57,278.83,1,1,0.91837
75,14,330.29,261.33,128.33,136.15,1,1,0.81923
75,17,-18.74,704.99,139.83,277.61,1,1,0.91817
76,0,277.16,609.87,195.87,236.49,1,1,0.90214
76,2,1004.95,197.83,206.06,223.62,1,1,0.90414
76,3,-15.27,393.84,97.4,201.61,1,1,0.75366
76,4,1088.7,563.96,212.67,245.17,1,1,0.91034
76,6,57.54,412.47,178.78,227.02,1,1,0.87895
76,7,1229.84,462.92,155.01,241.66,1,1,0.86187
76,9,877.58,524.72,235.22,188.14,1,1,0.89481
76,10,397.39,422.66,159.33,287.04,1,1,0.88324
76,11,270.43,385.08,163.13,285.38,1,1,0.86822
76,12,594.65,424.79,269.5,282.61,1,1,0.89989
76,15,73.85,639.12,221.54,282.9,1,1,0.90405
76,14,266.99,269.73,130.41,160.34,1,1,0.82639
76,17,-13.56,718.91,122.41,267.31,1,1,0.86141
76,13,777.44,611.32,185.61,101.3,1,1,0.74191
77,0,244.87,611.07,188.89,242.14,1,1,0.91134
77,2,982.6,201.08,212.67,220.7,1,1,0.91286
77,4,1068.7,558.79,217.6,251.78,1,1,0.91707
77,6,10.17,417.3,174.06,233.3,1,1,0.86011
77,7,1200.73,464.81,145.01,185.73,1,1,0.86962
77,9,834.47,527.09,237.13,196.99,1,1,0.90279
77,10,350.49,421.49,164.57,276.01,1,1,0.86261
77,11,239.48,390.8,144.46,284.84,1,1,0.8542
77,12,545.21,429.28,268.34,276.75,1,1,0.91037
77,15,28.33,639.11,209.93,271.92,1,1,0.90557
77,14,206.28,275.98,129.81,196.95,1,1,0.83546
77,17,-8.77,733.64,100.09,258.27,1,1,0.81486
78,0,213.04,612.77,188.37,248.45,1,1,0.90205
78,2,967.42,201.11,221.01,222.83,1,1,0.90604
78,4,1066.63,553.88,208.86,249.16,1,1,0.90084
78,6,-8.54,414.01,138.64,251.58,1,1,0.854
78,7,1175.57,468.3,136.3,174.73,1,1,0.82292
78,9,800.45,526.29,231.78,205.01,1,1,0.89965
78,10,307.14,421.58,162.24,256.19,1,1,0.84365
78,11,210.95,388.22,137.67,291.43,1,1,0.85953
78,12,515.89,434.37,253.29,273.34,1,1,0.89772
78,15,-2.24,635.81,178.53,263.89,1,1,0.87427
78,14,146.72,283.13,140.84,214.28,1,1,0.79331
78,17,-3.97,749.97,92.08,241.44,1,1,0.76552
79,0,173.88,612.25,192.77,253.57,1,1,0.91194
79,2,954.33,202.63,225.54,221.91,1,1,0.91542
79,4,1068.45,544.57,198.56,238.04,1,1,0.88426
79,6,-11.49,411.88,101.82,257.65,1,1,0.81501
79,7,1149.9,470.1,132.61,207.39,1,1,0.75739
79,9,765.76,520.01,229.31,210.06,1,1,0.90342
79,10,263.73,418.7,163.26,251.75,1,1,0.85673
79,11,172.09,385.3,137.83,293.73,1,1,0.85544
79,12,481.76,436.15,251.83,269.72,1,1,0.90742
79,15,-11.34,658.74,91.99,250.48,1,1,0.72754
79,14,82.41,287.82,154.04,222.35,1,1,0.85524
79,17,-2.46,746.35,106.13,263.1,1,1,0.87453
80,0,123.48,616.04,209.83,261.52,1,1,0.90264
80,2,947.69,203.86,229.77,221.97,1,1,0.90231
80,4,1074.77,545.62,182.31,236.25,1,1,0.86019
80,9,731.13,517.68,230.72,215.68,1,1,0.89254
80,10,225.76,421.73,156.93,252.66,1,1,0.84224
80,11,141.81,386.65,117.04,289.16,1,1,0.81202
80,12,454.85,440.98,244.37,268.64,1,1,0.87046
80,14,23.26,298.54,161.74,224.48,1,1,0.77056
80,17,-1.69,759.43,110.21,277.64,1,1,0.90298
81,0,74.58,623.57,224.01,268.56,1,1,0.90937
81,2,948.96,214.03,228.43,221.34,1,1,0.88183
81,4,1068.54,545.31,185.65,244.25,1,1,0.8457
81,9,700.02,520.47,232.2,213.29,1,1,0.90041
81,10,193.69,425.54,150.67,261.89,1,1,0.81953
81,11,116.49,391.21,104.87,285.0,1,1,0.79005
81,12,436.27,455.87,220.9,255.46,1,1,0.8491
81,14,-8.45,309.91,150.87,232.49,1,1,0.84518
81,17,0.33,777.2,112.68,290.44,1,1,0.89675
81,13,593.5,624.7,247.22,113.96,1,1,0.81435
81,7,1077.76,494.83,174.98,274.7,1,1,0.86704
82,0,44.92,632.64,215.65,269.24,1,1,0.86406
82,2,977.02,221.17,207.15,221.85,1,1,0.88821
82,9,674.19,521.59,237.36,217.4,1,1,0.90594
82,10,162.42,420.37,146.19,294.18,1,1,0.80102
82,11,94.73,396.49,106.92,283.37,1,1,0.80556
82,12,418.46,474.89,213.01,243.77,1,1,0.88103
82,17,2.47,792.08,122.66,290.2,1,1,0.91617
82,13,579.25,629.19,238.62,116.6,1,1,0.80372
82,7,1056.19,502.84,198.25,291.84,1,1,0.92382
83,0,19.89,639.62,195.34,268.35,1,1,0.88652
83,2,1007.77,225.89,186.43,221.44,1,1,0.87481
83,9,651.03,523.2,243.95,218.56,1,1,0.90044
83,10,133.75,415.01,133.15,312.42,1,1,0.76756
83,11,61.77,396.51,112.61,293.98,1,1,0.66103
83,12,398.08,491.61,211.4,231.03,1,1,0.87927
83,17,3.63,805.02,132.8,280.4,1,1,0.91053
83,13,558.7,631.77,233.02,119.34,1,1,0.82132
83,7,1043.87,504.65,204.37,296.44,1,1,0.81986
83,4,1055.08,552.06,209.02,248.22,1,1,0.79532
84,0,1.04,648.74,182.54,270.27,1,1,0.90367
84,2,1013.88,231.53,191.94,224.14,1,1,0.90024
84,9,626.72,527.55,254.12,227.22,1,1,0.89017
84,10,111.99,411.87,134.84,322.63,1,1,0.75264
84,11,19.27,403.93,129.32,298.15,1,1,0.84337
84,12,374.15,511.17,201.97,220.38,1,1,0.87365
84,17,4.35,818.37,145.19,268.98,1,1,0.86894
84,13,538.86,635.4,220.24,129.14,1,1,0.85546
84,7,1049.51,540.34,217.11,271.48,1,1,0.89116
84,4,1043.78,522.02,193.15,263.98,1,1,0.89145
85,0,-6.61,658.08,163.79,270.44,1,1,0.88464
85,2,1012.99,239.85,207.09,226.18,1,1,0.91294
85,9,604.1,536.09,260.16,231.94,1,1,0.88782
85,10,86.13,418.21,146.01,315.28,1,1,0.80345
85,11,-0.98,407.68,128.67,305.56,1,1,0.86507
85,12,345.96,530.8,218.48,210.24,1,1,0.85593
85,17,5.48,841.06,163.06,246.6,1,1,0.87
85,13,523.36,644.69,219.49,134.3,1,1,0.73265
85,7,1060.76,555.54,212.0,254.88,1,1,0.89462
85,4,1041.25,514.7,184.58,270.74,1,1,0.89429
86,0,-8.16,659.32,133.84,255.41,1,1,0.89266
86,2,1014.62,237.01,221.19,226.19,1,1,0.90029
86,9,580.4,536.48,272.09,233.71,1,1,0.85578
86,10,62.3,416.47,155.98,314.86,1,1,0.82425
86,11,-7.87,404.27,113.93,297.9,1,1,0.80952
86,12,321.25,533.97,219.9,206.58,1,1,0.81913
86,17,19.46,843.43,165.29,240.14,1,1,0.84581
86,7,1089.94,552.74,187.14,249.7,1,1,0.88813
86,4,1041.12,505.19,183.15,277.22,1,1,0.89482
87,0,-7.56,658.38,104.55,260.69,1,1,0.86191
87,2,1019.61,232.16,227.16,227.22,1,1,0.89069
87,9,560.07,535.08,276.01,237.28,1,1,0.85987
87,10,32.98,419.22,162.75,306.88,1,1,0.83323
87,11,-9.97,395.28,103.66,299.87,1,1,0.81568
87,12,293.8,530.65,236.48,210.15,1,1,0.86709
87,17,32.08,843.7,159.18,238.05,1,1,0.87006
87,7,1108.52,546.79,175.08,254.7,1,1,0.90137
87,4,1044.75,499.82,175.92,272.42,1,1,0.88241
88,0,-6.74,656.88,83.54,276.56,1,1,0.79268
88,2,1031.26,231.15,222.26,226.25,1,1,0.89061
88,9,530.22,536.08,286.1,240.27,1,1,0.83507
88,10,6.66,423.84,161.97,304.31,1,1,0.84676
88,11,-11.2,390.32,74.66,301.3,1,1,0.6885
88,12,259.24,524.74,256.85,216.6,1,1,0.8707
88,17,28.95,851.13,182.75,230.09,1,1,0.836
88,7,1100.45,542.72,184.18,258.43,1,1,0.90533
88,4,1044.51,497.94,164.68,263.28,1,1,0.89292
89,2,1049.89,229.88,208.63,224.14,1,1,0.882
89,9,492.96,537.49,280.25,242.43,1,1,0.81447
89,10,-10.38,418.55,141.22,310.82,1,1,0.84884
89,12,224.02,517.96,264.13,225.64,1,1,0.85456
89,17,31.62,854.91,194.32,225.96,1,1,0.84288
89,7,1084.88,537.73,200.3,261.54,1,1,0.90636
89,4,1023.79,497.08,170.5,259.88,1,1,0.88534
90,2,1070.81,229.57,193.18,225.29,1,1,0.84559
90,9,467.39,537.08,253.97,242.54,1,1,0.82801
90,10,-13.81,412.56,99.89,318.86,1,1,0.83928
90,12,191.2,509.45,264.97,236.67,1,1,0.86144
90,17,33.06,856.34,201.54,224.03,1,1,0.8355
90,7,1074.58,534.66,212.38,249.96,1,1,0.89796
90,4,999.86,497.19,181.12,260.89,1,1,0.89932
91,2,1073.79,229.65,189.1,222.93,1,1,0.88633
91,9,440.68,533.91,231.79,241.49,1,1,0.84412
91,10,-10.15,428.74,63.35,307.08,1,1,0.76438
91,12,160.16,500.02,252.08,245.69,1,1,0.85762
91,17,26.06,856.87,216.35,222.85,1,1,0.86099
91,7,1071.51,528.75,212.4,249.94,1,1,0.91206
91,4,974.14,493.59,194.88,265.19,1,1,0.91302
92,2,1063.23,230.4,193.7,223.08,1,1,0.88632
92,9,410.01,530.43,202.2,241.91,1,1,0.82744
92,12,127.74,488.57,245.56,256.86,1,1,0.85955
92,17,9.6,855.53,228.57,224.17,1,1,0.83817
92,7,1077.15,522.09,199.87,251.33,1,1,0.90938
92,4,949.94,487.23,205.72,266.74,1,1,0.91952
93,2,1053.39,230.8,198.53,230.72,1,1,0.89649
93,9,380.11,529.33,182.98,247.33,1,1,0.83662
93,12,89.7,476.0,245.98,271.1,1,1,0.86021
93,17,3.17,856.48,210.32,223.52,1,1,0.84889
93,7,1093.53,517.21,178.13,254.07,1,1,0.8962
93,4,931.32,481.9,213.49,266.7,1,1,0.91921
94,2,1050.7,231.11,197.39,239.48,1,1,0.90051
94,9,350.23,527.91,169.48,246.85,1,1,0.85481
94,12,49.7,466.67,246.79,280.66,1,1,0.87941
94,17,1.93,857.57,195.74,222.41,1,1,0.86342
94,7,1114.09,512.69,153.99,256.49,1,1,0.89951
94,4,917.42,476.18,215.53,266.59,1,1,0.92649
95,2,1060.68,232.59,184.61,242.62,1,1,0.89614
95,9,321.74,524.38,161.74,249.66,1,1,0.8574
95,12,20.15,451.09,239.78,294.37,1,1,0.87986
95,17,-0.17,860.84,188.04,218.66,1,1,0.87799
95,7,1109.1,508.73,162.56,258.54,1,1,0.90835
95,4,912.75,468.33,212.21,261.12,1,1,0.91922
96,2,1084.92,232.64,159.85,243.38,1,1,0.86432
96,9,290.12,521.19,167.84,256.26,1,1,0.84761
96,12,-5.09,448.9,226.75,295.68,1,1,0.88476
96,17,-1.22,865.56,184.33,214.1,1,1,0.87965
96,7,1092.78,503.66,179.56,261.35,1,1,0.92252
96,4,911.8,461.45,201.57,259.3,1,1,0.92425
97,2,1097.88,225.74,149.37,249.36,1,1,0.86161
97,9,260.35,516.85,166.96,265.63,1,1,0.82021
97,12,-13.37,451.86,194.61,288.35,1,1,0.8862
97,17,-2.34,868.18,182.68,210.88,1,1,0.90008
97,7,1079.87,492.76,188.5,266.7,1,1,0.91574
97,4,916.44,453.97,184.95,261.12,1,1,0.91099
97,13,166.6,654.36,236.83,123.0,1,1,0.76788
98,2,1084.52,225.32,163.33,248.04,1,1,0.8765
98,9,227.46,519.63,162.16,268.79,1,1,0.82684
98,12,-13.75,464.04,155.22,271.4,1,1,0.86424
98,17,3.7,874.68,179.13,205.11,1,1,0.84508
98,7,1069.23,486.51,190.13,262.06,1,1,0.91412
98,4,913.38,453.28,179.13,259.4,1,1,0.9083
98,13,128.98,644.8,214.29,131.91,1,1,0.76543
99,2,1064.96,221.18,184.31,246.91,1,1,0.87305
99,9,193.53,523.65,151.8,270.05,1,1,0.84834
99,12,-10.81,483.9,119.25,244.12,1,1,0.85008
99,17,-0.88,878.34,187.57,201.29,1,1,0.88584
99,7,1070.17,478.45,180.48,259.24,1,1,0.9063
99,4,890.54,450.88,201.3,262.66,1,1,0.90855
99,13,94.26,654.13,189.63,124.47,1,1,0.77279
100,2,1046.9,217.75,198.84,249.05,1,1,0.89343
100,9,129.83,528.0,174.92,268.85,1,1,0.85262
100,12,-7.25,469.91,73.88,261.34,1,1,0.81197
100,17,-2.39,883.15,187.7,196.32,1,1,0.91129
100,7,1082.32,472.31,159.35,256.73,1,1,0.91758
100,4,866.08,447.64,213.37,262.42,1,1,0.92341
100,13,47.71,660.43,154.53,105.93,1,1,0.72544
101,2,1035.79,217.81,204.54,254.15,1,1,0.88881
101,9,90.4,533.92,177.71,266.67,1,1,0.84151
101,17,-3.22,887.27,189.13,192.3,1,1,0.91129
101,7,1086.92,468.21,145.31,257.38,1,1,0.91609
101,4,845.1,446.35,225.47,260.56,1,1,0.91997
101,13,2.44,657.2,143.7,103.82,1,1,0.73143
102,2,1038.95,224.25,188.94,247.68,1,1,0.92403
102,9,55.27,540.6,184.0,260.86,1,1,0.87312
102,17,-3.08,889.91,190.69,189.77,1,1,0.93224
102,7,1069.09,465.26,156.61,257.73,1,1,0.93526
102,4,833.28,446.91,227.44,253.85,1,1,0.94011
103,2,1054.84,225.63,164.04,243.35,1,1,0.89947
103,9,29.47,541.12,186.12,257.72,1,1,0.86431
103,17,-1.87,889.51,188.76,189.08,1,1,0.88625
103,7,1048.15,458.02,173.83,256.62,1,1,0.9264
103,4,832.3,443.83,221.34,241.83,1,1,0.92867
104,2,1079.26,229.19,130.65,238.68,1,1,0.89736
104,9,5.29,540.89,192.54,255.74,1,1,0.86996
104,17,-0.91,892.73,186.72,186.44,1,1,0.85988
104,7,1031.73,454.87,198.91,252.34,1,1,0.9134
104,4,840.63,443.26,209.21,238.67,1,1,0.91797
105,2,1072.65,230.04,130.07,239.74,1,1,0.91814
105,9,-6.01,539.3,182.15,253.58,1,1,0.86245
105,17,2.4,894.52,188.03,184.37,1,1,0.87028
105,7,1031.28,447.87,198.16,245.35,1,1,0.91686
105,4,854.92,441.59,184.25,236.67,1,1,0.92708
106,2,1059.47,230.35,142.43,243.76,1,1,0.90336
106,9,-11.51,536.92,166.45,255.01,1,1,0.90473
106,17,32.59,898.54,169.54,180.55,1,1,0.81776
106,7,1042.59,442.96,186.63,242.25,1,1,0.91234
106,4,851.14,440.74,178.87,236.33,1,1,0.94201
107,2,1057.93,230.29,146.97,241.72,1,1,0.88304
107,9,-11.84,534.69,147.71,254.29,1,1,0.89583
107,17,59.27,901.96,151.13,177.08,1,1,0.8649
107,7,1062.98,436.24,162.08,246.46,1,1,0.90137
107,4,833.83,438.25,188.32,236.93,1,1,0.94698
108,2,1056.64,228.86,155.33,233.82,1,1,0.87903
108,9,-10.26,532.13,132.08,262.43,1,1,0.87831
108,17,32.06,902.03,186.54,176.84,1,1,0.83596
108,7,1070.73,430.61,150.0,252.58,1,1,0.90877
108,4,813.82,434.91,203.78,238.57,1,1,0.93365
109,2,1062.19,219.93,156.13,245.69,1,1,0.88606
109,9,-7.95,531.26,121.79,269.32,1,1,0.88064
109,17,28.29,900.08,195.44,179.16,1,1,0.83036
109,7,1069.89,427.09,150.05,258.32,1,1,0.88652
109,4,804.5,432.54,210.2,239.45,1,1,0.93121
110,2,1075.63,217.96,145.87,235.66,1,1,0.84768
110,9,-6.32,532.66,116.18,273.26,1,1,0.87337
110,17,40.5,894.65,192.73,184.25,1,1,0.76942
110,7,1070.82,418.76,148.53,253.26,1,1,0.87974
110,4,802.52,430.33,209.36,234.98,1,1,0.92787
111,2,1077.72,217.87,147.48,248.73,1,1,0.72601
111,9,-5.13,533.02,117.84,267.46,1,1,0.85039
111,17,65.1,892.9,190.54,185.71,1,1,0.70949
111,7,1070.01,407.66,159.13,255.15,1,1,0.87189
111,4,809.04,428.08,201.89,230.5,1,1,0.91149
112,2,1071.38,217.24,152.4,263.16,1,1,0.79366
112,9,-5.36,537.1,109.96,247.77,1,1,0.86103
112,17,67.88,894.8,196.6,184.32,1,1,0.72863
112,7,1066.54,402.74,158.21,249.58,1,1,0.90097
112,4,822.01,428.67,189.31,226.32,1,1,0.90805
113,2,1050.99,211.93,165.32,272.78,1,1,0.8735
113,9,-6.24,535.3,101.34,252.27,1,1,0.8589
113,17,100.13,895.91,162.77,182.69,1,1,0.72192
113,7,1063.64,397.56,150.1,251.22,1,1,0.89918
113,4,834.29,428.79,181.3,224.7,1,1,0.89195
114,2,1025.14,222.91,179.29,254.07,1,1,0.86853
114,9,-5.92,533.57,90.63,249.95,1,1,0.83769
114,17,129.11,896.78,122.95,181.56,1,1,0.80214
114,7,1071.74,390.32,133.2,254.55,1,1,0.88501
114,4,832.56,428.48,177.94,223.53,1,1,0.87791
115,2,992.19,224.47,205.84,239.36,1,1,0.88026
115,9,-6.1,533.32,68.9,272.34,1,1,0.74692
115,17,115.9,893.5,129.34,184.79,1,1,0.7781
115,7,1072.46,384.45,124.04,255.26,1,1,0.89189
115,4,806.69,425.62,188.56,225.42,1,1,0.89473
116,2,985.88,226.32,200.05,215.41,1,1,0.78761
116,17,120.14,889.99,115.14,188.94,1,1,0.78661
116,7,1042.44,379.55,140.78,258.79,1,1,0.88845
116,4,775.37,418.87,195.37,232.11,1,1,0.89156
117,2,935.06,224.21,227.64,209.01,1,1,0.82355
117,17,98.55,877.53,134.85,200.59,1,1,0.75147
117,7,999.31,373.07,170.6,259.0,1,1,0.88402
117,4,745.08,414.47,206.11,227.63,1,1,0.88359
118,2,900.64,227.77,222.74,202.65,1,1,0.81578
118,17,79.4,873.53,142.07,204.8,1,1,0.77203
118,7,957.45,362.92,192.48,260.17,1,1,0.89107
118,4,717.1,411.32,213.17,225.15,1,1,0.87412
119,2,868.8,233.7,212.98,193.91,1,1,0.82049
119,17,31.45,874.96,167.27,203.03,1,1,0.82428
119,7,918.67,355.84,197.76,242.75,1,1,0.89071
119,4,690.09,407.97,206.36,225.97,1,1,0.88368
120,2,832.3,237.93,202.02,190.37,1,1,0.80763
120,17,-2.98,876.48,156.05,201.07,1,1,0.86683
120,7,869.03,350.04,194.52,231.12,1,1,0.84956
120,4,656.99,404.91,192.0,226.66,1,1,0.86189
121,2,784.5,244.07,185.24,192.65,1,1,0.77233
121,17,-17.8,893.81,112.39,185.87,1,1,0.74218
121,7,816.05,354.92,176.08,221.61,1,1,0.84511
121,4,620.43,409.53,169.47,223.08,1,1,0.85738
122,2,739.31,250.36,162.88,194.61,1,1,0.68554
122,17,-17.21,891.36,57.33,187.9,1,1,0.773
122,7,763.75,356.79,160.7,212.68,1,1,0.86643
122,4,577.74,415.43,146.95,214.55,1,1,0.85309
123,2,670.32,251.33,165.45,200.69,1,1,0.86683
123,7,688.73,353.01,167.76,208.19,1,1,0.8954
123,4,503.53,417.34,163.63,211.72,1,1,0.87949
124,2,607.02,255.24,155.88,202.35,1,1,0.83081
124,7,607.63,349.33,180.68,211.35,1,1,0.87803
124,4,417.9,420.03,182.49,214.58,1,1,0.87129
124,24,1740.7,760.11,160.33,256.59,1,1,0.90012
125,2,536.5,254.63,148.92,189.24,1,1,0.82131
125,7,528.54,335.43,190.94,218.66,1,1,0.8641
125,4,334.37,417.88,204.05,216.02,1,1,0.8775
125,24,1660.44,753.69,192.18,254.31,1,1,0.89155
126,2,462.89,247.19,134.82,182.05,1,1,0.80092
126,7,448.58,315.47,194.0,217.87,1,1,0.85873
126,4,246.86,409.0,228.47,216.27,1,1,0.89321
126,24,1563.17,738.81,230.47,257.68,1,1,0.87165
127,2,370.17,242.82,123.43,177.54,1,1,0.71592
127,7,352.04,300.78,183.94,215.79,1,1,0.87301
127,4,148.03,400.18,231.29,217.08,1,1,0.89325
127,24,1451.49,731.8,241.44,247.02,1,1,0.91598
128,4,241.18,337.3,182.83,216.98,1,1,0.86943
128,24,1387.32,727.94,259.19,238.81,1,1,0.92917
129,4,150.35,307.98,155.09,216.66,1,1,0.8804
129,24,1234.06,716.75,257.64,233.81,1,1,0.92126
129,25,-17.68,412.04,155.16,206.06,1,1,0.88266
129,26,113.79,248.72,127.03,174.01,1,1,0.6436
130,4,49.37,290.59,141.81,217.98,1,1,0.91718
130,24,1128.08,708.13,253.12,231.5,1,1,0.9052
130,26,-1.3,246.48,124.0,178.89,1,1,0.72406
130,27,1693.18,757.24,125.05,227.69,1,1,0.78171
131,4,-11.14,285.42,95.56,229.17,1,1,0.79388
131,24,1047.26,708.05,254.13,231.25,1,1,0.92467
131,27,1579.62,752.24,152.87,231.98,1,1,0.87171
132,24,963.21,700.53,260.01,233.12,1,1,0.91263
132,27,1488.83,740.91,175.59,234.43,1,1,0.87626
133,24,887.04,694.53,283.77,232.13,1,1,0.91148
133,27,1415.24,735.86,187.72,231.49,1,1,0.87928
134,24,805.78,691.43,308.93,226.44,1,1,0.91469
134,27,1342.95,732.13,177.93,231.25,1,1,0.88052
135,24,756.15,686.07,318.3,221.13,1,1,0.91037
135,27,1286.65,727.47,160.57,226.25,1,1,0.88023
136,24,714.32,677.49,318.52,219.63,1,1,0.91102
136,27,1223.24,716.68,163.76,224.9,1,1,0.87752
137,24,685.06,672.01,294.92,221.14,1,1,0.90706
137,27,1155.92,709.52,181.91,223.64,1,1,0.89226
138,24,665.43,670.4,260.82,222.56,1,1,0.91781
138,27,1094.41,707.36,197.74,223.55,1,1,0.89321
139,24,651.81,664.45,218.23,222.72,1,1,0.90831
139,27,1074.22,702.27,171.8,225.25,1,1,0.8973
140,24,633.68,659.31,190.29,223.67,1,1,0.936
140,27,1058.04,697.57,154.55,224.93,1,1,0.89465
141,24,625.77,650.07,169.22,225.46,1,1,0.95175
141,27,1038.79,694.52,155.76,214.67,1,1,0.91656
142,24,616.69,632.41,161.39,231.56,1,1,0.92477
142,27,1017.1,683.32,165.62,210.77,1,1,0.89623
143,24,591.68,616.51,171.18,234.51,1,1,0.91841
143,27,991.64,671.72,173.68,208.84,1,1,0.88719
143,28,1742.52,197.08,119.49,227.03,1,1,0.81214
144,24,559.3,600.28,188.52,235.29,1,1,0.89384
144,27,957.99,659.81,185.95,208.41,1,1,0.88463
144,28,1694.79,182.92,116.97,225.96,1,1,0.87585
145,24,529.24,590.97,201.7,225.7,1,1,0.89973
145,27,918.07,652.06,190.74,207.28,1,1,0.88337
145,28,1644.86,171.28,116.59,223.53,1,1,0.87943
146,24,503.88,580.74,211.35,214.11,1,1,0.91069
146,27,874.51,642.5,187.87,202.56,1,1,0.88268
146,28,1594.17,158.3,113.88,219.89,1,1,0.90181
147,24,494.83,566.73,204.12,216.56,1,1,0.85496
147,27,843.78,629.31,170.1,201.84,1,1,0.85056
147,28,1548.73,144.29,108.5,217.82,1,1,0.84937
147,29,1686.98,69.73,75.39,234.22,1,1,0.77251
148,24,500.28,557.94,180.41,208.31,1,1,0.86577
148,27,829.27,616.37,148.51,196.8,1,1,0.8492
148,28,1508.27,129.37,105.54,216.23,1,1,0.7286
148,29,1641.15,55.12,74.51,233.1,1,1,0.78622
149,24,505.67,548.69,158.55,205.02,1,1,0.88861
149,27,810.46,605.42,134.47,196.79,1,1,0.85175
149,28,1467.56,117.55,105.08,218.07,1,1,0.77661
150,24,517.73,540.1,140.73,201.22,1,1,0.85765
150,27,794.5,592.88,119.74,192.73,1,1,0.87083
151,24,505.14,535.67,141.76,205.13,1,1,0.88817
151,27,776.19,585.17,113.47,192.14,1,1,0.88496
152,24,489.47,537.1,162.76,206.64,1,1,0.89615
152,27,762.64,584.68,120.97,194.93,1,1,0.88733
153,24,486.74,535.02,191.23,207.06,1,1,0.90301
153,27,756.91,579.75,132.15,200.31,1,1,0.88149
154,24,500.99,534.04,208.07,206.1,1,1,0.89322
154,27,752.44,575.96,150.48,204.34,1,1,0.88898
155,24,534.4,538.72,207.57,203.76,1,1,0.89312
155,27,763.54,579.95,157.95,205.15,1,1,0.89415
156,24,576.08,536.99,184.0,201.17,1,1,0.89802
156,27,779.25,576.44,158.06,205.43,1,1,0.88909
156,28,1333.99,78.94,92.05,206.02,1,1,0.68463
157,24,630.84,528.34,140.23,199.55,1,1,0.86527
157,27,799.41,568.59,147.66,202.72,1,1,0.89857
157,28,1337.02,69.19,92.37,204.7,1,1,0.78774
158,24,676.36,517.6,111.8,198.38,1,1,0.86258
158,27,822.59,560.25,127.15,197.24,1,1,0.8904
158,28,1332.33,57.57,96.51,203.5,1,1,0.64805
159,24,703.74,507.81,104.59,192.69,1,1,0.88065
159,27,836.66,556.33,117.4,189.64,1,1,0.88322
160,24,719.88,497.02,137.77,190.29,1,1,0.86999
160,27,855.7,554.54,101.39,184.72,1,1,0.8576
161,24,732.02,485.43,157.3,189.38,1,1,0.87973
161,27,866.75,550.14,101.68,187.46,1,1,0.84602
162,24,748.57,469.42,165.07,185.83,1,1,0.86485
162,27,881.41,539.69,105.03,184.89,1,1,0.84279
163,24,772.36,456.24,154.83,182.68,1,1,0.84819
163,27,894.47,527.77,111.17,192.16,1,1,0.84102
164,24,801.51,446.85,143.16,196.18,1,1,0.86337
164,27,907.49,517.25,111.86,190.3,1,1,0.8439
165,24,827.88,441.55,129.56,200.56,1,1,0.86818
165,27,922.88,510.68,102.27,187.21,1,1,0.83989
166,24,836.05,435.28,117.7,190.59,1,1,0.8891
166,27,930.65,504.18,98.41,182.04,1,1,0.84613
167,24,839.5,426.04,116.92,183.74,1,1,0.88029
167,27,934.04,493.63,93.03,174.66,1,1,0.83435
168,24,847.08,422.14,120.27,172.66,1,1,0.87705
168,27,936.78,491.8,107.61,167.59,1,1,0.87579
169,24,861.88,416.16,118.66,170.43,1,1,0.85885
169,27,938.09,487.08,123.14,167.8,1,1,0.91107
170,24,876.62,411.18,112.98,189.44,1,1,0.85979
170,27,938.65,479.86,142.29,180.0,1,1,0.90223
171,24,892.63,409.45,106.42,190.47,1,1,0.86227
171,27,953.47,477.73,139.57,186.78,1,1,0.88774
172,24,907.78,407.97,99.47,174.56,1,1,0.84137
172,27,965.59,477.35,125.65,185.97,1,1,0.86644
173,24,919.47,408.05,103.13,174.05,1,1,0.8582
173,27,978.62,475.99,110.42,182.98,1,1,0.83974
174,24,929.25,412.38,108.65,168.49,1,1,0.83872
174,27,982.76,476.24,102.58,180.89,1,1,0.77798
175,24,940.41,410.99,106.93,175.07,1,1,0.77451
176,24,949.31,409.2,101.22,174.01,1,1,0.79528
176,31,577.66,1017.57,99.59,59.69,1,1,0.74721
176,27,992.65,474.79,98.95,188.95,1,1,0.81218
177,24,956.22,407.54,100.02,176.39,1,1,0.89641
177,31,591.79,1005.23,101.63,70.99,1,1,0.79472
177,27,995.99,474.68,102.03,195.94,1,1,0.87248
178,24,965.07,405.05,104.59,179.58,1,1,0.84085
178,27,996.15,479.01,112.92,196.81,1,1,0.85035
179,24,969.38,399.64,102.16,188.19,1,1,0.82944
179,27,996.36,472.91,116.48,200.88,1,1,0.82647
179,31,618.03,972.89,116.76,103.02,1,1,0.72785
180,24,965.64,395.44,103.72,181.59,1,1,0.79722
180,27,997.29,462.88,111.58,203.58,1,1,0.84753
180,31,636.5,952.37,114.3,122.45,1,1,0.77339
181,27,992.77,455.59,113.78,199.74,1,1,0.84114
181,31,652.36,930.89,120.2,143.54,1,1,0.81701
182,27,995.45,457.19,114.54,198.29,1,1,0.83997
182,31,662.16,927.06,122.29,152.4,1,1,0.81637
183,27,995.42,450.18,108.7,193.26,1,1,0.85121
183,31,673.34,912.23,124.57,164.53,1,1,0.86568
183,24,956.01,393.12,109.84,181.29,1,1,0.7305
184,27,977.38,410.55,129.11,227.92,1,1,0.79281
184,31,681.25,877.35,146.53,191.97,1,1,0.83666
185,27,967.81,395.21,142.95,249.43,1,1,0.83942
185,31,692.86,859.55,170.95,212.84,1,1,0.90377
186,27,968.95,393.8,145.19,257.25,1,1,0.81456
186,31,697.56,843.1,189.5,231.66,1,1,0.91932
187,27,963.8,376.92,149.56,277.78,1,1,0.89062
187,31,703.28,827.34,193.76,248.76,1,1,0.92859
188,27,965.59,374.4,151.31,285.87,1,1,0.89256
188,31,709.16,825.39,195.13,255.65,1,1,0.92851
189,27,974.3,401.16,144.56,258.09,1,1,0.83202
189,31,714.76,808.79,188.65,265.43,1,1,0.91001
190,27,956.69,403.95,143.46,240.89,1,1,0.87237
190,31,717.26,752.32,209.32,263.53,1,1,0.90432
190,24,963.58,350.86,129.6,213.58,1,1,0.82093
191,27,959.3,419.03,143.1,234.54,1,1,0.87257
191,31,727.84,745.27,217.07,262.21,1,1,0.90482
191,24,968.57,354.89,130.84,215.61,1,1,0.82015
192,27,958.79,415.3,134.92,240.9,1,1,0.86787
192,31,732.46,730.12,220.35,250.6,1,1,0.90269
192,24,971.9,350.48,139.54,225.09,1,1,0.83615
193,27,954.28,416.9,121.7,248.6,1,1,0.88289
193,31,737.73,717.66,229.04,235.81,1,1,0.92012
193,24,977.64,351.04,143.82,231.44,1,1,0.89203
193,32,1030.54,1041.56,110.99,35.41,1,1,0.76852
194,27,946.28,416.52,121.19,246.5,1,1,0.8541
194,31,752.32,702.62,235.83,229.21,1,1,0.90803
194,24,979.21,353.14,145.75,227.94,1,1,0.83386
194,32,1033.15,1031.61,123.52,43.72,1,1,0.76016
195,27,939.0,406.34,118.65,236.51,1,1,0.82296
195,31,788.76,668.95,223.71,225.02,1,1,0.89453
195,24,977.17,350.78,122.69,205.61,1,1,0.77447
195,32,1027.27,997.15,138.45,73.19,1,1,0.76936
196,27,940.2,411.79,118.03,232.51,1,1,0.82328
196,31,807.49,665.99,218.24,223.37,1,1,0.89406
196,24,979.97,359.29,114.59,196.77,1,1,0.7686
196,32,1029.32,993.61,143.37,85.18,1,1,0.76943
197,27,922.42,396.84,134.07,225.49,1,1,0.85887
197,31,815.42,633.62,209.57,225.32,1,1,0.92141
197,24,963.36,348.75,126.15,180.14,1,1,0.81132
197,32,1010.57,960.81,170.96,109.3,1,1,0.8757
198,27,914.03,393.11,136.03,230.5,1,1,0.86048
198,31,825.25,618.1,197.95,227.23,1,1,0.91607
198,24,961.55,352.57,122.28,204.02,1,1,0.81712
198,32,1009.91,941.44,188.04,132.74,1,1,0.87569
199,27,905.46,388.41,138.93,233.33,1,1,0.87659
199,31,829.82,599.63,187.57,229.82,1,1,0.9149
199,24,959.16,353.2,125.89,215.77,1,1,0.8592
199,32,1015.94,928.92,201.05,147.09,1,1,0.8825
200,27,898.02,388.15,140.95,227.68,1,1,0.87016
200,31,825.66,581.17,186.04,234.09,1,1,0.91052
200,24,962.02,354.0,125.82,216.6,1,1,0.86807
200,32,1026.23,914.84,209.82,162.38,1,1,0.88635
201,27,892.73,385.39,138.54,220.28,1,1,0.86879
201,31,821.99,562.37,184.26,237.0,1,1,0.91809
201,24,959.25,353.4,127.44,210.57,1,1,0.87133
201,32,1038.99,896.32,210.93,180.36,1,1,0.90705
201,33,673.24,1034.45,121.93,41.76,1,1,0.72525
202,27,887.58,382.73,140.76,209.39,1,1,0.84611
202,31,816.36,540.1,187.17,244.44,1,1,0.91634
202,24,953.14,351.3,129.2,206.95,1,1,0.82136
202,32,1052.71,875.4,208.08,200.84,1,1,0.91747
202,33,670.92,1024.99,135.97,49.25,1,1,0.78349
203,27,886.93,386.65,141.61,205.42,1,1,0.84575
203,31,815.2,537.32,188.29,247.24,1,1,0.91608
203,24,951.99,355.56,129.82,205.62,1,1,0.82092
203,32,1059.38,872.75,206.49,209.38,1,1,0.91743
203,33,671.29,1027.03,141.04,52.12,1,1,0.78326
204,27,889.21,376.13,136.64,203.63,1,1,0.81156
204,31,830.32,503.07,169.76,238.04,1,1,0.87938
204,24,959.38,347.67,136.14,185.28,1,1,0.83823
204,32,1076.09,835.68,192.07,238.04,1,1,0.92731
204,33,684.8,1002.39,137.3,69.97,1,1,0.80248
205,27,901.69,357.88,120.93,213.75,1,1,0.78019
205,31,835.38,483.04,170.24,227.96,1,1,0.91793
205,24,970.48,354.38,124.39,191.15,1,1,0.82778
205,32,1087.05,812.11,178.87,259.38,1,1,0.90678
205,33,689.48,990.05,132.91,84.77,1,1,0.82215
206,27,917.21,352.84,95.39,175.8,1,1,0.79198
206,31,844.0,468.46,170.95,220.12,1,1,0.91784
206,24,965.11,367.24,126.01,191.11,1,1,0.87068
206,32,1095.2,793.96,166.17,280.05,1,1,0.91128
206,33,697.31,978.35,130.55,98.95,1,1,0.82991
207,31,850.59,453.74,168.25,219.46,1,1,0.90533
207,24,958.87,369.65,124.53,200.76,1,1,0.82948
207,32,1103.16,778.42,151.59,275.81,1,1,0.90865
207,33,705.0,966.99,127.11,111.81,1,1,0.84372
208,31,858.02,432.4,163.44,228.29,1,1,0.88698
208,24,953.73,365.16,128.43,211.77,1,1,0.85425
208,32,1108.83,761.96,143.84,275.38,1,1,0.91311
208,33,711.19,955.03,127.0,123.94,1,1,0.84986
209,31,867.96,412.99,150.77,240.51,1,1,0.84769
209,24,957.87,367.05,124.5,214.21,1,1,0.84229
209,32,1113.62,749.35,137.54,276.9,1,1,0.90826
209,33,716.88,944.58,122.62,136.11,1,1,0.85903
210,31,869.98,407.93,146.71,245.23,1,1,0.84979
210,24,958.59,369.57,122.84,214.85,1,1,0.84367
210,32,1114.22,746.68,135.32,277.14,1,1,0.90817
210,33,717.88,942.47,120.96,141.07,1,1,0.85931
211,31,890.55,390.21,109.19,194.42,1,1,0.70511
211,24,970.78,366.49,110.15,208.53,1,1,0.79655
211,32,1114.05,731.53,135.74,278.78,1,1,0.90811
211,33,718.23,928.04,124.66,152.47,1,1,0.86877
212,24,971.34,368.87,117.47,199.88,1,1,0.81715
212,32,1114.18,713.69,136.46,285.84,1,1,0.90431
212,33,715.65,914.44,129.63,165.41,1,1,0.86738
213,24,974.61,361.61,117.32,193.26,1,1,0.81095
213,32,1111.55,682.39,139.69,292.66,1,1,0.91345
213,33,720.29,890.49,127.82,185.34,1,1,0.87537
213,31,890.5,385.53,114.39,168.92,1,1,0.83573
214,24,977.08,367.63,119.37,185.95,1,1,0.84735
214,32,1106.68,669.22,142.84,289.78,1,1,0.91442
214,33,714.93,882.48,130.14,197.48,1,1,0.87296
214,35,-0.4,365.02,145.45,272.77,1,1,0.91849
214,36,-0.4,0.19,53.03,250.89,1,1,0.86819
214,31,876.33,390.7,124.91,164.29,1,1,0.85764
215,24,976.16,369.29,130.27,178.4,1,1,0.81104
215,32,1098.05,655.46,143.43,280.51,1,1,0.90708
215,33,713.76,873.58,123.85,206.85,1,1,0.88663
215,35,-1.91,364.49,172.15,266.51,1,1,0.91866
215,36,-1.69,-0.79,65.07,261.4,1,1,0.892
215,31,858.84,385.12,131.97,170.32,1,1,0.81683
216,24,974.37,376.93,131.47,177.93,1,1,0.81582
216,32,1087.81,645.97,144.92,268.5,1,1,0.91656
216,33,687.6,868.68,138.19,213.18,1,1,0.87509
216,35,-3.05,368.09,196.1,266.32,1,1,0.92402
216,36,-2.93,5.47,73.42,266.97,1,1,0.90978
216,31,834.62,383.53,140.32,180.12,1,1,0.88068
217,24,977.94,420.82,123.04,161.84,1,1,0.8104
217,32,1074.07,637.3,148.02,262.75,1,1,0.91509
217,33,659.89,864.41,150.06,218.69,1,1,0.89515
217,35,-3.26,373.32,210.25,266.37,1,1,0.916
217,36,-4.37,15.53,76.84,269.12,1,1,0.89179
217,31,809.77,384.07,148.65,176.92,1,1,0.87192
218,24,968.08,409.66,129.48,196.47,1,1,0.81649
218,32,1056.53,625.49,150.1,264.95,1,1,0.91728
218,33,635.88,860.33,156.86,222.28,1,1,0.90734
218,35,16.6,374.35,188.8,264.17,1,1,0.90059
218,36,-5.16,23.34,72.67,262.99,1,1,0.88046
218,31,781.07,380.61,160.45,172.5,1,1,0.87125
218,37,1877.8,459.08,37.92,271.38,1,1,0.72887
219,24,970.35,407.65,131.78,207.51,1,1,0.81696
219,32,1056.06,622.32,150.85,265.66,1,1,0.91753
219,33,632.87,859.88,159.51,223.41,1,1,0.90753
219,35,31.14,375.58,178.37,263.32,1,1,0.90058
219,36,0.67,26.58,70.04,260.51,1,1,0.88078
219,31,776.26,380.42,165.0,170.86,1,1,0.87135
219,37,1878.03,450.29,39.92,279.13,1,1,0.7284
220,24,948.77,419.56,124.93,210.1,1,1,0.87979
220,32,1024.1,607.19,144.28,273.79,1,1,0.92362
220,33,596.08,851.59,155.08,230.48,1,1,0.91768
220,35,56.57,375.2,139.55,262.22,1,1,0.87622
220,36,-10.51,37.31,61.01,249.29,1,1,0.84978
220,31,731.41,379.01,162.76,166.17,1,1,0.86486
221,24,946.63,433.58,120.43,176.49,1,1,0.77871
221,32,1012.11,592.67,137.63,275.28,1,1,0.91929
221,33,579.61,843.07,150.75,237.9,1,1,0.92762
221,35,85.42,373.09,121.51,259.07,1,1,0.88156
221,36,-5.65,41.37,56.12,261.43,1,1,0.65847
221,31,700.03,378.5,164.58,160.5,1,1,0.83425
221,38,888.79,488.48,144.46,135.71,1,1,0.74572
222,24,931.75,445.76,126.09,173.04,1,1,0.80248
222,32,998.44,582.45,134.94,270.78,1,1,0.91763
222,33,565.87,834.6,146.15,246.02,1,1,0.93325
222,35,95.49,369.69,125.24,260.0,1,1,0.8985
222,31,657.33,377.02,172.66,154.63,1,1,0.84525
223,24,933.19,451.15,127.86,171.75,1,1,0.80106
223,32,1000.13,580.52,133.94,268.82,1,1,0.91825
223,33,567.74,833.03,144.31,248.93,1,1,0.93401
223,35,104.2,369.92,126.28,260.19,1,1,0.89923
223,31,648.13,378.05,175.64,152.54,1,1,0.84572
224,24,902.6,454.79,137.56,171.29,1,1,0.84219
224,32,969.8,568.83,136.71,256.21,1,1,0.91402
224,33,542.69,818.22,142.13,261.0,1,1,0.92202
224,35,99.58,366.46,169.85,260.35,1,1,0.91648
224,31,586.31,375.31,200.81,151.63,1,1,0.89293
224,36,-2.28,39.95,51.25,264.13,1,1,0.81053
224,38,825.36,512.32,180.27,105.63,1,1,0.80276
225,24,890.5,452.64,144.52,176.27,1,1,0.70733
225,32,957.83,566.0,140.56,243.78,1,1,0.90872
225,33,533.61,813.49,139.44,267.11,1,1,0.9167
225,35,114.4,370.89,182.64,261.17,1,1,0.91013
225,31,561.55,376.9,205.75,151.85,1,1,0.89081
225,36,-0.48,41.74,56.03,268.75,1,1,0.82085
225,38,808.2,506.94,207.21,113.24,1,1,0.81046
226,24,896.98,480.69,140.85,147.28,1,1,0.69177
226,32,948.26,562.84,143.09,232.39,1,1,0.90182
226,33,523.58,807.41,138.66,273.32,1,1,0.92137
226,35,136.73,375.06,178.64,259.87,1,1,0.91345
226,31,543.24,378.11,209.97,149.75,1,1,0.89849
226,36,1.03,45.01,60.95,279.56,1,1,0.876
226,38,794.28,509.33,223.06,107.87,1,1,0.79968
227,24,903.45,486.93,132.42,136.83,1,1,0.74933
227,32,942.02,556.75,145.05,224.05,1,1,0.9031
227,33,513.01,801.03,139.58,278.71,1,1,0.92016
227,35,162.77,375.46,152.49,256.35,1,1,0.90038
227,31,527.62,375.97,211.12,148.21,1,1,0.88455
227,36,1.89,47.88,60.49,278.1,1,1,0.88748
227,38,789.86,510.39,215.22,104.95,1,1,0.79481
228,24,909.58,485.65,125.51,136.28,1,1,0.70917
228,32,937.05,550.6,144.13,219.86,1,1,0.88194
228,33,503.72,794.42,139.48,285.06,1,1,0.92064
228,35,183.12,373.1,127.58,258.23,1,1,0.87726
228,31,517.67,371.19,205.99,149.79,1,1,0.8504
228,36,2.02,52.87,55.34,281.83,1,1,0.89941
228,38,786.81,504.24,201.3,109.53,1,1,0.8321
229,32,933.85,544.72,137.32,214.85,1,1,0.86613
229,33,495.63,788.94,140.55,290.32,1,1,0.91868
229,35,201.04,371.03,118.73,258.23,1,1,0.87471
229,31,505.52,363.06,206.04,153.1,1,1,0.87683
229,36,2.7,58.71,58.36,275.15,1,1,0.90722
229,38,787.9,493.43,197.13,118.79,1,1,0.80638
230,32,935.37,544.62,134.78,213.14,1,1,0.86661
230,33,495.39,788.86,140.96,292.12,1,1,0.91873
230,35,208.61,371.95,115.89,258.34,1,1,0.87495
230,31,503.99,361.84,205.93,154.4,1,1,0.87693
230,36,5.56,62.85,59.52,272.32,1,1,0.9075
230,38,791.12,491.25,195.34,122.19,1,1,0.80645
231,32,922.51,520.13,117.75,224.31,1,1,0.8595
231,33,478.8,780.38,141.2,293.74,1,1,0.91865
231,35,223.79,367.24,145.2,257.5,1,1,0.90778
231,31,491.47,345.16,195.71,166.18,1,1,0.87513
231,36,1.08,67.46,73.33,261.99,1,1,0.94146
231,38,780.14,473.31,219.36,134.66,1,1,0.82446
232,32,922.94,504.47,105.22,233.54,1,1,0.85813
232,33,471.23,774.49,141.73,295.6,1,1,0.92405
232,35,237.48,367.02,163.74,254.79,1,1,0.9129
232,31,483.89,332.47,188.99,176.44,1,1,0.89347
232,36,2.71,71.59,78.83,253.44,1,1,0.93025
232,38,775.89,470.53,228.2,133.1,1,1,0.81518
232,24,893.23,471.89,130.27,183.73,1,1,0.75474
233,32,915.47,496.95,106.18,237.14,1,1,0.86136
233,33,462.98,768.88,142.21,296.63,1,1,0.91991
233,35,249.31,368.16,172.55,254.68,1,1,0.91666
233,31,475.73,321.27,180.88,184.02,1,1,0.90679
233,36,3.18,75.37,81.19,252.68,1,1,0.93004
233,38,770.96,467.71,236.72,138.42,1,1,0.85428
234,32,914.91,492.86,101.04,239.16,1,1,0.86792
234,33,454.7,761.3,141.54,298.57,1,1,0.91922
234,35,265.24,369.39,173.38,254.34,1,1,0.91693
234,31,472.58,311.33,167.78,187.03,1,1,0.90558
234,36,3.31,77.65,86.31,266.0,1,1,0.92412
234,38,766.02,473.79,231.0,130.3,1,1,0.84667
235,32,908.53,487.89,102.6,240.95,1,1,0.85417
235,33,445.13,756.62,143.08,290.18,1,1,0.92169
235,35,281.69,369.25,160.61,253.8,1,1,0.9108
235,31,464.83,302.9,164.78,191.25,1,1,0.91322
235,36,3.45,82.07,91.97,272.75,1,1,0.9319
235,38,756.0,480.57,229.4,118.7,1,1,0.84154
236,32,899.85,482.91,108.17,244.33,1,1,0.8357
236,33,435.98,752.23,144.6,283.88,1,1,0.91994
236,35,295.06,367.16,145.67,254.75,1,1,0.90368
236,31,458.35,295.67,166.5,195.99,1,1,0.91094
236,36,3.81,87.54,102.54,278.66,1,1,0.94575
236,38,747.02,487.65,229.13,107.14,1,1,0.83034
237,32,877.47,479.91,132.13,247.17,1,1,0.88772
237,33,428.43,748.14,146.71,279.08,1,1,0.93039
237,35,308.44,370.78,129.23,250.6,1,1,0.91943
237,31,453.96,290.69,168.3,200.52,1,1,0.92763
237,36,4.28,98.69,113.84,280.22,1,1,0.95074
237,38,739.63,496.72,215.47,97.42,1,1,0.83153
238,32,866.14,476.2,147.67,250.13,1,1,0.90831
238,33,420.38,743.54,147.39,275.91,1,1,0.93155
238,35,318.84,369.16,120.4,250.85,1,1,0.91801
238,31,445.26,284.48,172.84,206.36,1,1,0.92751
238,36,6.38,109.87,125.02,281.16,1,1,0.94547
238,38,732.46,503.15,196.68,90.78,1,1,0.86624
239,32,862.34,475.88,150.8,252.18,1,1,0.89799
239,33,414.67,739.95,144.7,277.88,1,1,0.92837
239,35,329.93,367.49,117.06,254.04,1,1,0.91562
239,31,433.94,278.05,174.08,214.77,1,1,0.91758
239,36,16.24,122.98,126.92,278.63,1,1,0.94001
239,38,725.45,509.29,196.04,88.82,1,1,0.84817
240,32,878.55,474.13,131.16,253.23,1,1,0.84696
240,33,411.6,734.62,139.29,281.87,1,1,0.91036
240,35,340.0,363.71,117.48,259.68,1,1,0.89381
240,31,425.98,271.67,163.82,221.92,1,1,0.9115
240,36,28.56,132.86,124.82,273.81,1,1,0.91507
240,38,719.29,508.88,215.98,95.02,1,1,0.84583
