1,0,866.39,677.87,131.39,262.31,1,1,0.93711
1,1,445.58,437.52,162.18,198.73,1,1,0.93289
1,2,687.23,588.25,156.26,209.85,1,1,0.93229
1,3,1104.62,465.45,133.02,183.05,1,1,0.93203
1,4,5.96,234.9,110.63,219.81,1,1,0.92876
1,5,433.6,103.06,109.88,253.6,1,1,0.92725
1,6,676.28,438.26,144.79,191.67,1,1,0.92676
1,7,1082.31,220.65,138.55,213.65,1,1,0.91593
1,8,1285.34,472.89,141.9,201.16,1,1,0.90665
1,9,892.72,523.49,121.95,263.48,1,1,0.89818
1,10,1764.73,171.82,123.12,255.29,1,1,0.88325
1,11,1734.82,10.12,110.19,233.44,1,1,0.88073
1,12,1000.62,399.43,105.67,137.53,1,1,0.87982
1,13,1314.75,392.2,132.37,140.92,1,1,0.85761
1,14,581.55,364.86,119.15,178.03,1,1,0.85692
1,15,895.77,427.36,155.62,194.67,1,1,0.83041
1,16,1238.39,0.19,156.32,121.8,1,1,0.76201
2,0,864.77,678.86,133.07,263.82,1,1,0.93824
2,1,441.6,437.63,163.25,199.53,1,1,0.9342
2,2,684.28,587.91,156.83,211.37,1,1,0.93511
2,3,1104.82,465.01,132.72,184.43,1,1,0.93439
2,4,1.65,234.99,105.58,221.93,1,1,0.95054
2,5,424.89,102.21,112.11,254.9,1,1,0.9361
2,6,673.81,438.29,145.64,192.19,1,1,0.9268
2,7,1081.18,219.85,139.2,214.26,1,1,0.91756
2,8,1285.13,471.7,143.55,203.33,1,1,0.90728
2,9,890.51,523.73,122.64,263.72,1,1,0.89837
2,10,1761.88,171.39,125.14,257.81,1,1,0.88274
2,11,1733.43,9.39,113.95,218.55,1,1,0.87404
2,12,998.43,400.64,106.27,136.34,1,1,0.87766
2,13,1317.74,392.9,131.16,140.1,1,1,0.85308
2,14,577.82,364.09,118.61,179.07,1,1,0.86409
2,15,892.91,428.21,155.77,193.45,1,1,0.82688
2,16,1255.52,0.19,143.75,119.01,1,1,0.74924
3,0,865.72,678.96,134.03,264.6,1,1,0.94071
3,1,439.81,436.96,163.98,199.47,1,1,0.93747
3,2,683.73,587.99,158.07,212.4,1,1,0.94082
3,3,1105.99,464.79,133.82,184.04,1,1,0.94144
3,4,0.76,233.52,100.2,226.06,1,1,0.95889
3,5,417.29,102.22,114.94,255.48,1,1,0.9528
3,6,672.88,437.02,145.75,192.98,1,1,0.93196
3,7,1081.67,218.4,140.77,214.0,1,1,0.92248
3,8,1287.52,469.46,144.28,205.16,1,1,0.91333
3,9,890.28,522.48,125.41,267.02,1,1,0.90483
3,10,1761.24,170.75,126.64,258.03,1,1,0.89169
3,11,1734.91,8.49,116.8,203.93,1,1,0.89445
3,12,999.13,400.87,106.78,135.49,1,1,0.88464
3,13,1324.16,393.54,128.7,140.19,1,1,0.83992
3,14,577.07,361.91,117.9,179.95,1,1,0.87646
3,15,892.44,428.23,157.36,192.84,1,1,0.84133
4,0,865.52,679.32,134.16,264.79,1,1,0.94118
4,1,438.78,437.05,164.14,199.44,1,1,0.93725
4,2,683.09,588.41,158.82,212.68,1,1,0.94153
4,3,1105.85,465.04,134.2,183.92,1,1,0.94124
4,4,0.1,233.38,98.73,227.36,1,1,0.9588
4,5,414.46,102.57,115.83,255.64,1,1,0.95283
4,6,671.98,437.05,146.48,193.49,1,1,0.93188
4,7,1081.36,218.27,141.23,213.94,1,1,0.92206
4,8,1287.8,469.1,144.46,205.72,1,1,0.91345
4,9,889.79,522.33,126.24,268.15,1,1,0.9048
4,10,1760.57,170.89,127.1,258.08,1,1,0.8914
4,11,1734.89,8.54,117.68,200.06,1,1,0.8944
4,12,998.76,401.23,107.12,135.38,1,1,0.8841
4,13,1325.62,394.05,127.93,140.27,1,1,0.83964
4,14,576.41,361.44,118.22,180.19,1,1,0.87463
4,15,891.96,428.33,157.75,192.92,1,1,0.84234
5,0,867.67,680.1,135.54,267.4,1,1,0.93798
5,1,437.97,436.04,166.06,200.37,1,1,0.93496
5,2,683.73,588.74,160.87,214.85,1,1,0.93896
5,3,1110.38,464.98,135.87,185.3,1,1,0.94351
5,4,0.87,232.09,88.26,232.57,1,1,0.96011
5,5,405.24,104.37,119.78,254.19,1,1,0.95046
5,6,673.5,436.17,146.63,194.5,1,1,0.92881
5,7,1084.63,215.98,142.66,214.86,1,1,0.92048
5,8,1293.13,472.34,146.59,203.71,1,1,0.90046
5,9,894.17,523.08,125.51,268.64,1,1,0.90132
5,10,1763.57,169.99,124.27,259.12,1,1,0.87465
5,11,1739.24,8.26,124.01,187.17,1,1,0.90817
5,12,1002.3,401.54,107.65,134.91,1,1,0.88804
5,13,1332.04,394.11,129.47,139.22,1,1,0.78722
5,14,576.22,359.52,119.73,181.42,1,1,0.87021
5,15,894.31,427.19,160.58,195.05,1,1,0.83307
6,0,869.88,679.55,134.63,269.63,1,1,0.93808
6,1,436.51,433.68,166.71,202.34,1,1,0.93458
6,2,684.05,588.2,163.06,216.36,1,1,0.93772
6,3,1114.2,462.69,136.82,187.19,1,1,0.9357
6,4,0.55,228.93,79.28,235.99,1,1,0.95491
6,5,398.09,103.19,121.22,256.12,1,1,0.94851
6,6,674.06,433.8,147.42,196.32,1,1,0.92864
6,7,1086.97,211.99,145.17,217.05,1,1,0.91278
6,8,1298.58,468.92,146.85,207.54,1,1,0.90372
6,9,896.55,521.28,126.53,270.92,1,1,0.90105
6,10,1767.16,166.26,122.23,260.58,1,1,0.87002
6,11,1743.13,5.75,128.98,187.09,1,1,0.89384
6,12,1004.44,400.41,109.33,135.06,1,1,0.88306
6,13,1335.97,391.74,131.78,139.99,1,1,0.80662
6,14,575.58,356.23,121.05,182.2,1,1,0.86555
6,15,896.82,424.1,161.63,197.51,1,1,0.83272
7,0,872.5,681.06,134.08,271.17,1,1,0.93993
7,1,435.71,433.41,167.24,203.63,1,1,0.93847
7,2,685.28,588.37,163.64,218.36,1,1,0.94408
7,3,1118.13,462.49,137.13,189.12,1,1,0.94149
7,4,0.61,227.92,72.79,243.17,1,1,0.93314
7,5,393.37,103.59,121.05,258.46,1,1,0.95387
7,6,674.23,433.27,148.48,197.39,1,1,0.93483
7,7,1090.2,210.01,146.48,218.65,1,1,0.91756
7,8,1302.16,467.77,148.98,209.41,1,1,0.91409
7,9,899.03,520.31,127.95,274.4,1,1,0.90291
7,10,1770.99,163.51,118.31,262.83,1,1,0.88912
7,11,1748.21,4.93,132.07,184.9,1,1,0.9142
7,12,1007.28,400.22,110.38,134.08,1,1,0.88864
7,13,1347.32,392.45,128.24,139.91,1,1,0.83786
7,14,575.8,355.1,120.8,183.79,1,1,0.87908
7,15,900.21,424.14,162.55,198.7,1,1,0.77703
8,0,872.16,681.82,133.87,271.66,1,1,0.93995
8,1,434.25,433.56,167.37,204.07,1,1,0.93845
8,2,684.47,588.65,163.81,219.04,1,1,0.94409
8,3,1118.21,462.63,137.2,189.82,1,1,0.94133
8,4,-0.35,227.82,71.06,245.46,1,1,0.93306
8,5,390.66,103.97,120.89,259.26,1,1,0.95426
8,6,673.0,433.33,148.91,197.78,1,1,0.93435
8,7,1090.24,209.62,146.81,219.1,1,1,0.91693
8,8,1302.1,467.58,149.68,210.07,1,1,0.91409
8,9,898.59,520.19,128.49,275.62,1,1,0.90287
8,10,1771.09,162.8,116.94,263.62,1,1,0.88923
8,11,1748.73,4.9,133.09,184.46,1,1,0.91415
8,12,1006.9,400.6,110.88,133.67,1,1,0.88861
8,13,1349.95,392.99,126.94,139.96,1,1,0.83719
8,14,574.61,355.06,120.82,184.28,1,1,0.87806
8,15,900.14,424.35,162.82,199.2,1,1,0.77736
9,0,873.71,681.7,134.8,274.9,1,1,0.93733
9,1,432.03,430.87,168.96,206.67,1,1,0.93764
9,2,684.04,587.93,165.73,221.0,1,1,0.94246
9,3,1122.18,459.77,139.09,191.07,1,1,0.93349
9,4,0.51,225.24,57.99,234.34,1,1,0.90312
9,5,384.32,103.92,120.68,257.15,1,1,0.95258
9,6,673.42,430.49,150.06,200.26,1,1,0.9295
9,7,1094.63,205.26,148.16,221.12,1,1,0.92039
9,8,1309.5,463.98,150.81,213.55,1,1,0.91111
9,9,901.87,520.04,128.67,276.9,1,1,0.89922
9,10,1775.32,158.91,112.39,262.91,1,1,0.88899
9,11,1756.99,1.65,133.12,185.24,1,1,0.90795
9,12,1010.45,398.32,111.96,134.88,1,1,0.88572
9,13,1359.65,393.52,125.23,137.28,1,1,0.78644
9,14,573.12,351.61,123.08,186.88,1,1,0.87682
9,15,901.34,421.0,164.51,201.27,1,1,0.79263
10,0,872.07,683.13,136.08,277.22,1,1,0.94044
10,1,425.65,428.87,171.47,209.02,1,1,0.94125
10,2,681.24,587.33,166.74,224.23,1,1,0.94339
10,3,1122.24,458.76,140.98,192.61,1,1,0.937
10,4,-0.4,223.24,46.21,246.77,1,1,0.84352
10,5,375.11,103.65,121.7,256.21,1,1,0.95376
10,6,669.4,429.01,152.47,202.4,1,1,0.93077
10,7,1094.96,201.85,148.93,223.42,1,1,0.92564
10,8,1311.7,462.82,151.82,215.98,1,1,0.90599
10,9,899.6,518.76,131.36,280.98,1,1,0.89864
10,10,1775.5,155.97,110.23,263.78,1,1,0.89268
10,11,1760.79,0.52,132.52,186.94,1,1,0.90916
10,12,1009.46,397.17,113.36,136.26,1,1,0.88595
10,13,1359.85,391.64,128.22,137.2,1,1,0.75339
10,14,568.88,349.84,123.35,187.85,1,1,0.87973
10,15,899.67,418.86,166.21,203.84,1,1,0.76889
10,17,1397.38,-0.11,168.1,98.71,1,1,0.72522
11,0,874.04,686.18,138.3,279.86,1,1,0.93758
11,1,424.45,430.29,172.52,210.12,1,1,0.94415
11,2,681.99,589.72,167.17,224.78,1,1,0.94375
11,3,1126.54,460.59,141.65,193.05,1,1,0.93837
11,4,0.23,211.74,37.53,261.06,1,1,0.81644
11,5,370.26,105.0,122.58,255.62,1,1,0.95303
11,6,669.65,429.91,153.73,203.5,1,1,0.93547
11,7,1098.79,201.42,149.56,224.89,1,1,0.92765
11,8,1317.38,465.15,152.23,216.32,1,1,0.9112
11,9,902.76,522.51,130.68,280.85,1,1,0.90242
11,10,1778.05,155.21,109.87,266.97,1,1,0.9018
11,11,1769.09,0.65,130.65,191.4,1,1,0.9179
11,12,1013.26,397.83,112.84,137.36,1,1,0.89235
11,13,1365.83,390.84,128.4,139.28,1,1,0.80293
11,14,568.58,350.21,124.08,189.48,1,1,0.88745
11,15,900.11,458.44,170.05,164.94,1,1,0.66101
11,17,1413.2,0.26,176.03,98.82,1,1,0.85229
12,0,873.46,686.94,139.12,280.79,1,1,0.9376
12,1,422.76,430.51,172.9,210.48,1,1,0.94422
12,2,680.99,590.26,167.33,224.93,1,1,0.94374
12,3,1126.78,460.95,141.86,193.18,1,1,0.93832
12,4,-0.37,207.02,35.93,266.42,1,1,0.81652
12,5,367.35,105.14,122.83,255.41,1,1,0.95301
12,6,668.47,429.94,154.15,203.86,1,1,0.93556
12,7,1098.86,200.98,149.75,225.4,1,1,0.92764
12,8,1318.12,465.71,152.33,216.42,1,1,0.91121
12,9,902.62,523.59,130.39,280.72,1,1,0.90243
12,10,1777.66,154.66,109.82,268.12,1,1,0.90177
12,11,1770.79,0.39,129.84,193.13,1,1,0.91788
12,12,1013.35,397.73,112.61,137.77,1,1,0.89232
12,13,1366.6,390.19,128.44,140.09,1,1,0.8033
12,14,567.23,350.07,124.32,190.0,1,1,0.88728
12,15,898.94,474.14,171.47,149.02,1,1,0.6602
12,17,1417.56,0.11,178.86,98.86,1,1,0.85227
13,0,871.84,684.38,140.58,283.73,1,1,0.93905
13,1,416.21,425.38,175.15,212.16,1,1,0.94389
13,2,677.29,586.48,168.92,227.86,1,1,0.94202
13,3,1128.04,455.76,143.58,196.43,1,1,0.94184
13,4,-0.2,192.34,28.21,293.71,1,1,0.69591
13,5,356.63,99.18,123.96,255.97,1,1,0.96093
13,6,665.56,424.43,154.84,206.46,1,1,0.92927
13,7,1100.06,193.15,150.31,227.77,1,1,0.93081
13,8,1320.75,458.6,154.99,221.49,1,1,0.91602
13,9,900.96,518.21,132.17,285.49,1,1,0.90226
13,10,1766.71,147.25,123.78,269.71,1,1,0.89033
13,11,1780.08,-1.5,123.81,184.58,1,1,0.90237
13,12,1013.52,391.73,112.96,139.83,1,1,0.8912
13,13,1368.87,382.91,131.16,143.48,1,1,0.84119
13,14,564.02,343.95,124.81,192.16,1,1,0.89646
13,15,899.62,432.31,170.35,188.65,1,1,0.80244
13,17,1448.72,-1.18,163.94,95.6,1,1,0.81774
14,0,871.35,686.5,141.59,285.87,1,1,0.94171
14,1,412.24,426.14,176.31,213.54,1,1,0.94583
14,2,674.93,587.92,170.3,229.93,1,1,0.94176
14,3,1129.64,456.47,143.74,197.59,1,1,0.94006
14,5,349.5,98.86,124.77,257.39,1,1,0.96081
14,6,663.43,424.62,155.58,208.05,1,1,0.93219
14,7,1101.08,192.05,151.34,229.53,1,1,0.93036
14,8,1323.24,456.74,156.78,224.87,1,1,0.91246
14,9,900.23,520.55,132.99,285.9,1,1,0.90508
14,10,1760.5,146.13,132.84,270.68,1,1,0.8926
14,11,1787.3,-0.14,118.29,179.16,1,1,0.90447
14,12,1014.3,391.35,113.03,141.32,1,1,0.89482
14,13,1371.96,383.05,132.97,146.2,1,1,0.83692
14,14,561.26,343.69,126.57,193.67,1,1,0.89438
14,15,898.16,422.16,172.24,200.54,1,1,0.85416
14,17,1479.45,0.08,151.5,94.09,1,1,0.79208
15,0,870.8,687.03,142.02,286.67,1,1,0.94152
15,1,410.5,426.25,176.66,214.08,1,1,0.94619
15,2,673.73,588.27,170.81,230.65,1,1,0.94173
15,3,1129.82,456.53,143.79,198.0,1,1,0.94002
15,5,346.73,98.4,124.97,258.07,1,1,0.96026
15,6,662.33,424.54,155.84,208.56,1,1,0.93218
15,7,1101.07,191.46,151.7,230.19,1,1,0.93037
15,8,1323.76,455.85,157.39,226.09,1,1,0.91277
15,9,899.59,521.27,133.25,285.91,1,1,0.9051
15,10,1757.65,145.63,136.28,270.97,1,1,0.89215
15,11,1789.38,0.17,116.39,177.77,1,1,0.90229
15,12,1014.19,390.97,113.07,141.96,1,1,0.89498
15,13,1372.6,382.88,133.72,147.29,1,1,0.8388
15,14,560.03,343.4,127.0,194.22,1,1,0.8961
15,15,897.27,417.6,172.83,205.58,1,1,0.85447
15,17,1488.16,0.29,147.73,93.67,1,1,0.79226
16,0,868.35,686.46,142.21,287.49,1,1,0.94082
16,1,406.69,423.61,177.48,215.57,1,1,0.94377
16,2,670.66,587.31,172.62,231.24,1,1,0.93833
16,3,1129.92,453.94,144.27,199.86,1,1,0.93824
16,5,340.78,94.76,126.12,261.21,1,1,0.96144
16,6,660.6,421.91,155.64,209.68,1,1,0.92597
16,7,1100.23,187.1,153.4,231.51,1,1,0.92698
16,8,1325.44,452.21,157.22,229.22,1,1,0.91306
16,9,898.66,519.51,133.29,287.22,1,1,0.90637
16,10,1753.65,141.68,142.1,272.55,1,1,0.89508
16,11,1794.48,-0.45,112.42,177.09,1,1,0.90243
16,12,1013.64,388.29,113.69,142.4,1,1,0.88973
16,13,1373.46,380.41,135.3,149.31,1,1,0.80652
16,14,556.5,341.04,127.18,194.62,1,1,0.88492
16,15,896.87,413.75,172.28,208.28,1,1,0.80949
16,17,1510.75,-0.45,142.02,89.24,1,1,0.78521
17,0,868.0,687.41,143.03,289.44,1,1,0.93934
17,1,402.41,421.08,179.3,218.31,1,1,0.94324
17,2,669.5,587.04,172.99,233.34,1,1,0.93797
17,3,1132.72,452.21,145.35,202.37,1,1,0.93974
17,5,334.21,90.86,126.38,268.56,1,1,0.96211
17,6,659.31,419.86,156.74,211.3,1,1,0.92303
17,7,1102.55,182.88,156.02,233.16,1,1,0.92281
17,8,1330.3,448.53,159.83,234.25,1,1,0.88616
17,9,898.96,519.03,135.93,289.24,1,1,0.91087
17,10,1754.5,139.25,145.44,276.11,1,1,0.89614
17,11,1803.79,-0.41,108.46,179.54,1,1,0.89103
17,12,1015.81,386.29,114.18,143.14,1,1,0.89125
17,13,1369.41,378.26,146.88,148.94,1,1,0.69288
17,14,553.42,339.03,128.08,196.31,1,1,0.87886
17,15,897.75,411.78,173.54,211.05,1,1,0.73846
17,17,1558.7,-0.26,154.76,83.9,1,1,0.73314
18,0,865.85,686.74,144.02,291.37,1,1,0.94109
18,1,397.25,418.8,180.41,219.82,1,1,0.94675
18,2,666.73,585.65,172.75,235.25,1,1,0.93744
18,3,1131.15,450.4,146.34,203.5,1,1,0.94462
18,5,327.89,89.07,126.18,270.92,1,1,0.96442
18,6,655.08,417.92,157.95,212.88,1,1,0.92907
18,7,1101.84,179.79,156.86,233.57,1,1,0.9295
18,8,1329.73,445.89,161.6,236.89,1,1,0.89968
18,9,897.17,517.24,136.41,290.67,1,1,0.91052
18,10,1753.71,136.29,143.09,278.22,1,1,0.90106
18,11,1804.99,-0.41,105.42,179.92,1,1,0.88958
18,12,1014.31,384.11,114.5,143.43,1,1,0.89489
18,13,1366.03,375.5,150.29,147.67,1,1,0.75047
18,14,549.03,336.78,127.87,196.66,1,1,0.87808
18,15,894.28,451.97,176.36,169.37,1,1,0.64569
18,17,1574.83,-0.18,143.48,81.6,1,1,0.6966
19,0,865.85,687.39,144.72,292.79,1,1,0.94135
19,1,394.66,418.62,181.19,221.01,1,1,0.94687
19,2,665.9,585.98,172.83,235.78,1,1,0.93905
19,3,1132.68,450.3,147.16,204.23,1,1,0.94714
19,5,324.21,88.62,126.63,272.28,1,1,0.96264
19,6,652.92,417.82,159.11,213.98,1,1,0.93203
19,7,1103.76,179.28,156.93,233.19,1,1,0.93079
19,8,1332.09,450.07,163.66,233.85,1,1,0.88367
19,9,896.45,516.93,136.26,292.93,1,1,0.90843
19,10,1756.39,134.49,140.88,279.95,1,1,0.89381
19,11,1808.42,0.41,103.69,183.17,1,1,0.86692
19,12,1015.05,384.56,115.07,143.95,1,1,0.89749
19,13,1363.68,375.88,155.37,148.31,1,1,0.70943
19,14,547.02,336.5,128.32,197.38,1,1,0.88814
19,15,895.44,422.9,174.31,198.79,1,1,0.83322
19,17,1586.32,0.46,132.9,80.53,1,1,0.86032
20,0,864.46,690.26,143.91,292.58,1,1,0.94672
20,1,391.62,420.48,181.71,222.04,1,1,0.94747
20,2,663.56,588.61,172.09,235.82,1,1,0.94193
20,3,1131.03,452.34,147.88,205.02,1,1,0.94785
20,5,320.09,91.63,126.15,274.31,1,1,0.96264
20,6,649.04,420.06,160.61,214.91,1,1,0.93697
20,7,1102.74,180.92,156.28,233.91,1,1,0.94217
20,8,1331.02,453.76,164.05,233.05,1,1,0.88758
20,9,893.15,520.51,139.14,292.9,1,1,0.90516
20,10,1753.49,135.37,135.22,281.43,1,1,0.9143
20,11,1806.08,1.4,101.84,194.58,1,1,0.85748
20,12,1012.74,387.87,115.5,143.28,1,1,0.89755
20,13,1363.7,378.24,154.44,149.68,1,1,0.67718
20,14,544.7,338.63,127.15,197.38,1,1,0.88968
20,15,892.67,415.09,174.31,208.0,1,1,0.85534
20,17,1590.51,1.42,140.25,82.8,1,1,0.92882
21,0,866.18,691.19,145.12,292.0,1,1,0.94312
21,1,392.57,421.42,181.75,221.9,1,1,0.94792
21,2,664.85,589.61,172.48,235.11,1,1,0.94241
21,3,1132.79,453.09,147.99,205.08,1,1,0.94995
21,5,320.96,95.19,125.45,274.33,1,1,0.96464
21,6,650.83,420.79,160.34,215.0,1,1,0.93707
21,7,1103.85,182.16,157.11,233.34,1,1,0.94054
21,8,1333.43,446.4,167.07,240.64,1,1,0.85689
21,9,892.89,521.54,139.48,293.1,1,1,0.89777
21,10,1753.21,135.75,131.57,282.85,1,1,0.91705
21,11,1806.07,1.3,100.12,205.35,1,1,0.84886
21,12,1014.42,389.34,115.71,142.72,1,1,0.89695
21,14,546.14,339.38,127.34,197.87,1,1,0.89814
21,15,893.7,412.63,176.78,211.07,1,1,0.87636
21,17,1600.78,1.22,151.58,87.07,1,1,0.94547
22,0,864.16,687.6,144.75,292.27,1,1,0.94257
22,1,390.3,417.37,182.49,222.18,1,1,0.94716
22,2,663.18,585.09,172.59,236.19,1,1,0.94278
22,3,1130.86,449.72,148.13,204.96,1,1,0.94971
22,5,319.39,93.96,125.26,273.74,1,1,0.96429
22,6,648.5,417.3,161.12,214.85,1,1,0.93608
22,7,1102.61,178.93,156.77,232.86,1,1,0.94039
22,8,1331.63,443.73,165.79,240.09,1,1,0.87395
22,9,891.32,516.77,138.87,293.25,1,1,0.89732
22,10,1746.68,131.99,130.55,285.64,1,1,0.90623
22,11,1801.87,-0.31,98.48,222.35,1,1,0.86307
22,12,1012.14,385.62,116.67,143.04,1,1,0.89693
22,14,544.67,335.84,126.9,197.07,1,1,0.88421
22,15,891.99,407.74,176.4,212.58,1,1,0.85185
22,17,1609.85,-0.46,157.03,89.45,1,1,0.93454
22,13,1360.99,375.69,157.23,149.9,1,1,0.65239
23,0,864.38,689.28,143.96,292.75,1,1,0.94524
23,1,390.48,419.04,182.37,222.5,1,1,0.94787
23,2,663.43,587.0,172.46,236.07,1,1,0.94017
23,3,1130.65,451.16,147.76,204.98,1,1,0.94719
23,5,318.92,97.8,125.39,273.47,1,1,0.9651
23,6,647.7,418.82,161.61,215.32,1,1,0.93735
23,7,1102.11,180.22,156.94,233.42,1,1,0.93831
23,8,1331.7,446.82,166.33,238.8,1,1,0.86319
23,9,890.86,519.5,139.89,293.4,1,1,0.89489
23,10,1740.73,133.54,130.46,287.8,1,1,0.90756
23,11,1797.31,1.15,98.85,232.43,1,1,0.87406
23,12,1011.88,387.91,116.75,142.76,1,1,0.89732
23,14,544.71,337.16,126.62,198.16,1,1,0.89539
23,15,891.27,408.9,177.3,213.37,1,1,0.8753
23,17,1620.89,0.69,152.97,91.73,1,1,0.92231
24,0,864.71,689.14,144.03,293.08,1,1,0.94607
24,1,390.88,419.03,182.4,222.45,1,1,0.94733
24,2,664.17,586.99,172.18,236.14,1,1,0.94126
24,3,1131.06,451.01,147.97,204.81,1,1,0.94682
24,5,319.34,98.63,125.45,273.39,1,1,0.96518
24,6,647.91,418.73,161.7,215.45,1,1,0.93629
24,7,1102.34,180.04,156.98,233.66,1,1,0.93754
24,8,1332.03,448.51,166.44,237.19,1,1,0.86969
24,9,891.45,519.95,140.03,293.3,1,1,0.89798
24,10,1738.98,133.51,130.4,288.54,1,1,0.90733
24,11,1795.97,1.01,99.06,236.35,1,1,0.87385
24,12,1012.22,388.08,116.82,142.5,1,1,0.8973
24,14,544.89,336.98,126.82,198.44,1,1,0.8944
24,15,891.2,408.64,178.13,213.6,1,1,0.87734
24,17,1624.7,0.44,151.42,92.68,1,1,0.92203
25,0,863.59,688.48,144.34,292.98,1,1,0.94425
25,1,389.41,419.18,182.07,222.14,1,1,0.94885
25,2,663.07,586.94,172.26,235.76,1,1,0.94334
25,3,1129.91,451.65,147.6,203.32,1,1,0.94826
25,5,317.5,103.03,124.43,269.74,1,1,0.96553
25,6,646.51,419.01,161.52,214.8,1,1,0.93925
25,7,1101.1,181.09,156.03,231.82,1,1,0.94018
25,8,1330.07,442.55,168.64,242.68,1,1,0.85986
25,9,889.22,519.58,140.63,293.01,1,1,0.90143
25,10,1725.91,133.49,135.05,288.69,1,1,0.92029
25,11,1786.65,1.1,101.82,237.66,1,1,0.88492
25,12,1010.22,388.21,117.03,141.91,1,1,0.90007
25,14,543.59,337.32,127.06,197.26,1,1,0.888
25,15,889.81,408.63,177.36,213.26,1,1,0.86934
25,17,1649.61,0.47,130.97,92.36,1,1,0.7674
26,0,862.48,689.47,144.99,292.37,1,1,0.94516
26,1,389.43,420.26,182.54,221.97,1,1,0.94959
26,2,662.11,588.91,172.68,234.56,1,1,0.94233
26,3,1129.77,452.54,148.01,203.57,1,1,0.94769
26,5,318.27,107.19,124.54,267.17,1,1,0.96483
26,6,646.43,420.05,162.29,215.1,1,1,0.93952
26,7,1101.46,182.27,156.03,231.41,1,1,0.93883
26,8,1330.67,438.6,169.16,247.27,1,1,0.85437
26,9,889.19,520.89,140.42,292.6,1,1,0.90464
26,10,1719.47,136.43,137.79,289.16,1,1,0.9219
26,11,1782.47,1.99,104.21,238.93,1,1,0.87686
26,12,1010.93,390.18,116.35,140.71,1,1,0.89979
26,14,544.4,338.27,126.92,197.3,1,1,0.89456
26,15,890.3,409.5,177.46,213.27,1,1,0.87641
27,0,861.11,688.72,145.33,292.89,1,1,0.94353
27,1,388.39,419.73,182.26,221.63,1,1,0.94801
27,2,660.77,588.77,172.65,234.65,1,1,0.94269
27,3,1128.38,451.94,148.12,203.99,1,1,0.94388
27,5,315.68,108.64,125.3,265.75,1,1,0.96502
27,6,645.34,419.66,162.26,214.67,1,1,0.93836
27,7,1100.09,182.15,155.71,231.17,1,1,0.93954
27,8,1328.68,447.39,165.99,237.93,1,1,0.88897
27,9,888.3,521.68,140.01,291.21,1,1,0.9024
27,10,1711.49,139.11,139.97,289.57,1,1,0.92545
27,11,1771.53,1.7,110.03,238.36,1,1,0.82161
27,12,1009.23,389.75,116.78,140.84,1,1,0.89946
27,14,543.02,337.96,126.28,197.27,1,1,0.8875
27,15,888.4,408.92,177.01,213.02,1,1,0.87104
28,0,861.64,689.45,145.84,292.82,1,1,0.94467
28,1,388.72,420.07,182.34,221.87,1,1,0.94889
28,2,661.02,589.17,172.73,235.08,1,1,0.94203
28,3,1128.79,452.56,148.0,203.88,1,1,0.94602
28,5,313.89,110.94,127.24,264.67,1,1,0.96564
28,6,645.55,420.38,162.61,214.41,1,1,0.9388
28,7,1100.38,182.98,155.58,231.03,1,1,0.93973
28,8,1328.85,451.98,163.35,233.79,1,1,0.896
28,9,889.55,522.19,138.64,291.06,1,1,0.90277
28,10,1706.85,142.99,145.05,290.06,1,1,0.92282
28,11,1741.54,1.85,137.01,245.28,1,1,0.85545
28,12,1009.36,390.46,117.02,140.82,1,1,0.90023
28,14,543.19,338.75,126.13,197.6,1,1,0.89087
28,15,890.15,409.51,176.09,213.57,1,1,0.87088
28,13,1366.87,379.56,148.72,150.3,1,1,0.68114
29,0,864.62,690.18,145.34,292.65,1,1,0.94665
29,1,392.06,420.48,181.56,221.76,1,1,0.95195
29,2,664.33,589.4,171.78,235.11,1,1,0.94297
29,3,1130.32,454.93,149.29,201.93,1,1,0.94519
29,5,310.72,112.44,132.19,263.42,1,1,0.96549
29,6,649.36,420.4,161.17,214.5,1,1,0.9388
29,7,1102.83,183.53,155.77,230.53,1,1,0.94531
29,8,1331.13,455.28,162.83,230.13,1,1,0.897
29,9,893.0,522.04,137.94,291.85,1,1,0.90107
29,10,1704.95,145.79,150.38,289.73,1,1,0.93066
29,11,1732.48,2.36,144.59,248.72,1,1,0.87348
29,12,1011.84,390.99,116.79,140.46,1,1,0.90084
29,14,545.35,338.88,126.21,198.01,1,1,0.90432
29,15,892.14,409.21,176.78,214.12,1,1,0.88533
29,13,1362.67,380.22,156.64,149.1,1,1,0.7016
30,0,863.65,691.09,144.39,292.22,1,1,0.94582
30,1,390.85,420.54,181.88,222.35,1,1,0.95173
30,2,663.21,589.74,172.1,235.43,1,1,0.94427
30,3,1129.61,457.79,149.59,199.58,1,1,0.94714
30,5,303.36,114.77,138.55,262.47,1,1,0.96575
30,6,649.44,421.18,160.7,214.01,1,1,0.93964
30,7,1101.36,184.91,156.4,230.0,1,1,0.9375
30,8,1330.13,456.92,160.53,227.72,1,1,0.90697
30,9,893.4,523.42,136.76,291.0,1,1,0.90103
30,10,1700.01,149.81,154.01,288.14,1,1,0.93969
30,11,1729.14,4.0,142.75,239.15,1,1,0.7801
30,12,1010.02,391.49,117.3,140.49,1,1,0.89663
30,14,544.14,339.41,126.91,199.21,1,1,0.89786
30,15,891.05,408.29,176.51,215.47,1,1,0.89189
30,13,1359.06,381.44,159.96,149.88,1,1,0.77239
31,0,862.9,690.92,144.73,292.09,1,1,0.94726
31,1,390.25,417.67,181.94,224.83,1,1,0.95299
31,2,662.3,589.32,172.64,235.57,1,1,0.94322
31,3,1130.1,460.15,148.5,196.76,1,1,0.94905
31,5,299.59,115.39,140.36,261.43,1,1,0.9667
31,6,647.64,421.0,161.84,214.27,1,1,0.9462
31,7,1100.7,185.27,155.85,229.32,1,1,0.93627
31,8,1330.15,453.73,159.98,229.6,1,1,0.89228
31,9,893.88,524.06,135.15,289.56,1,1,0.90102
31,10,1695.54,151.91,152.92,287.64,1,1,0.93928
31,11,1731.62,3.59,138.24,208.53,1,1,0.76852
31,12,1008.84,390.98,117.69,140.67,1,1,0.89595
31,14,543.19,339.14,127.4,198.88,1,1,0.89677
31,15,888.44,406.13,178.44,217.72,1,1,0.90228
31,13,1359.85,380.93,157.53,148.29,1,1,0.68584
32,0,863.93,691.74,145.64,292.25,1,1,0.95085
32,1,392.25,414.79,181.3,228.08,1,1,0.95238
32,2,664.06,589.09,172.66,236.06,1,1,0.94342
32,3,1131.61,459.86,148.52,198.22,1,1,0.94581
32,5,298.86,117.14,141.39,260.41,1,1,0.96518
32,6,648.48,422.04,165.84,214.33,1,1,0.93819
32,7,1102.06,186.42,156.52,229.05,1,1,0.93227
32,8,1332.16,457.66,157.73,225.36,1,1,0.89675
32,9,898.78,526.77,131.51,287.01,1,1,0.90506
32,10,1693.53,156.14,151.89,286.98,1,1,0.93438
32,11,1736.87,5.9,134.66,197.27,1,1,0.68142
32,12,1009.44,390.88,118.73,142.31,1,1,0.89229
32,14,543.52,339.71,128.56,199.37,1,1,0.87421
32,15,888.82,405.34,180.32,219.31,1,1,0.90383
32,13,1365.93,381.19,152.26,147.95,1,1,0.65076
33,0,864.06,690.96,146.88,293.65,1,1,0.94744
33,1,392.85,407.99,181.05,234.64,1,1,0.95087
33,2,664.59,587.01,172.54,238.77,1,1,0.93716
33,3,1129.43,455.91,151.82,203.12,1,1,0.94049
33,5,299.44,117.57,140.76,259.85,1,1,0.9581
33,6,647.91,422.04,170.1,214.99,1,1,0.92977
33,7,1103.28,185.85,157.85,230.67,1,1,0.92157
33,8,1332.22,458.6,158.66,224.97,1,1,0.91272
33,9,902.29,529.57,128.66,284.61,1,1,0.9006
33,10,1691.5,160.24,151.45,285.55,1,1,0.91963
33,11,1736.78,9.24,127.97,227.82,1,1,0.75409
33,12,1009.43,389.47,119.86,149.39,1,1,0.87969
33,14,542.48,339.75,131.06,198.8,1,1,0.85982
33,15,885.75,402.27,184.8,222.36,1,1,0.9038
33,13,1372.31,381.26,147.26,149.02,1,1,0.80671
33,17,1799.54,0.95,102.49,119.26,1,1,0.77216
34,0,863.58,688.51,148.13,297.21,1,1,0.94487
34,1,391.06,401.68,182.48,240.12,1,1,0.94994
34,2,664.31,584.97,172.73,241.63,1,1,0.93808
34,3,1123.82,449.55,156.51,210.73,1,1,0.93151
34,5,299.72,118.96,139.22,259.05,1,1,0.95503
34,6,647.05,421.61,165.6,214.99,1,1,0.92442
34,7,1103.78,186.07,158.21,231.46,1,1,0.91989
34,8,1329.51,458.04,161.28,226.82,1,1,0.91743
34,9,905.37,532.25,126.32,281.96,1,1,0.90352
34,10,1688.3,166.67,150.73,282.65,1,1,0.90711
34,11,1733.14,12.85,126.66,240.7,1,1,0.8191
34,12,1007.03,387.79,121.25,155.39,1,1,0.86343
34,14,540.92,339.97,131.55,200.52,1,1,0.8592
34,15,872.96,399.44,198.15,225.67,1,1,0.89304
34,13,1382.42,381.54,136.66,149.89,1,1,0.7239
34,17,1815.36,1.16,92.35,121.93,1,1,0.73462
35,0,862.11,682.26,149.42,302.42,1,1,0.95102
35,1,386.84,394.47,185.65,245.4,1,1,0.95212
35,2,662.47,580.14,174.23,245.66,1,1,0.94149
35,3,1116.4,438.39,164.27,220.52,1,1,0.93431
35,5,298.75,119.68,137.16,257.41,1,1,0.95988
35,6,641.87,418.44,166.87,215.8,1,1,0.92826
35,7,1101.69,185.55,158.66,231.34,1,1,0.94296
35,8,1321.42,458.67,167.77,225.79,1,1,0.91583
35,9,906.76,532.89,125.34,281.7,1,1,0.91118
35,10,1682.37,170.28,151.71,279.73,1,1,0.91244
35,11,1726.0,16.08,130.25,247.64,1,1,0.87877
35,12,1000.65,384.7,125.42,164.78,1,1,0.86819
35,14,538.48,338.7,130.82,201.06,1,1,0.87875
35,15,853.03,393.65,217.44,230.41,1,1,0.87575
35,13,1389.92,380.49,126.73,150.76,1,1,0.77093
35,17,1823.98,1.14,91.17,123.44,1,1,0.71013
36,0,862.45,680.18,149.93,304.37,1,1,0.95096
36,1,386.18,392.03,186.74,247.07,1,1,0.95215
36,2,662.67,578.58,174.84,247.22,1,1,0.94097
36,3,1114.44,434.37,167.26,224.22,1,1,0.93406
36,5,299.21,120.12,136.01,256.75,1,1,0.95941
36,6,640.91,417.48,167.17,216.12,1,1,0.92767
36,7,1101.71,185.47,158.98,231.34,1,1,0.94156
36,8,1319.36,459.26,170.3,225.74,1,1,0.91585
36,9,908.2,533.37,124.95,281.59,1,1,0.91142
36,10,1681.23,171.79,151.89,279.04,1,1,0.91033
36,11,1724.22,17.61,131.58,250.29,1,1,0.88019
36,12,999.16,383.8,126.9,168.36,1,1,0.86806
36,14,538.51,338.5,130.59,201.22,1,1,0.87702
36,15,846.0,391.88,225.17,231.9,1,1,0.87296
36,13,1393.27,380.32,123.61,151.61,1,1,0.76754
36,17,1827.07,1.4,90.9,124.03,1,1,0.71372
37,0,857.7,671.68,154.16,310.98,1,1,0.95209
37,1,363.9,386.79,209.8,247.1,1,1,0.95932
37,2,650.58,572.94,188.96,251.18,1,1,0.94588
37,3,1105.3,417.84,174.91,239.74,1,1,0.93571
37,5,298.13,121.01,133.56,255.13,1,1,0.96063
37,6,637.6,410.5,168.63,221.02,1,1,0.91911
37,7,1090.2,186.2,164.88,230.37,1,1,0.94233
37,8,1301.24,448.18,190.35,237.42,1,1,0.8983
37,9,905.25,530.81,131.6,283.78,1,1,0.86791
37,10,1672.83,179.65,153.32,275.74,1,1,0.8987
37,11,1713.28,22.51,136.75,248.2,1,1,0.92305
37,12,988.23,374.51,131.49,167.43,1,1,0.86104
37,14,520.08,337.97,137.74,193.77,1,1,0.89331
37,15,822.83,383.0,233.46,235.19,1,1,0.67913
37,13,1395.9,378.96,121.81,190.52,1,1,0.85359
37,17,1839.91,0.42,81.41,125.81,1,1,0.83802
38,0,853.66,668.42,159.31,313.73,1,1,0.94761
38,1,348.72,384.35,226.0,248.92,1,1,0.95455
38,2,643.47,569.38,199.63,255.84,1,1,0.94316
38,3,1096.82,409.72,183.48,249.78,1,1,0.9291
38,5,298.87,123.28,131.52,253.99,1,1,0.95959
38,6,639.44,405.9,167.92,225.28,1,1,0.91752
38,7,1082.19,190.54,163.67,225.72,1,1,0.93687
38,8,1293.45,442.55,199.91,247.62,1,1,0.9054
38,9,909.16,529.85,133.14,285.5,1,1,0.87126
38,10,1668.66,186.18,151.85,271.8,1,1,0.88767
38,11,1706.58,28.34,140.44,245.77,1,1,0.92163
38,12,979.67,368.86,135.82,167.91,1,1,0.84052
38,14,510.14,339.34,144.15,186.08,1,1,0.8618
38,15,803.25,378.46,238.6,231.25,1,1,0.78093
38,17,1853.55,0.86,68.67,131.53,1,1,0.81908
39,0,847.8,665.49,163.04,312.94,1,1,0.9467
39,1,335.12,379.2,236.51,254.14,1,1,0.95393
39,2,635.57,563.28,205.69,261.72,1,1,0.93912
39,3,1091.98,402.57,186.73,257.18,1,1,0.92764
39,5,296.74,123.47,130.01,253.94,1,1,0.95921
39,6,634.99,396.32,171.99,232.92,1,1,0.91047
39,7,1066.5,193.78,167.34,219.39,1,1,0.93173
39,8,1290.18,434.83,202.6,257.47,1,1,0.91266
39,9,909.95,528.75,133.91,282.96,1,1,0.86325
39,10,1663.33,191.6,141.03,263.35,1,1,0.90864
39,11,1698.82,31.67,142.54,244.05,1,1,0.93735
39,12,964.81,364.08,145.87,169.53,1,1,0.82448
39,14,506.76,337.89,139.53,171.68,1,1,0.85328
39,15,781.67,374.17,249.0,234.24,1,1,0.81464
39,17,1857.56,0.29,63.51,128.98,1,1,0.83495
39,13,1382.8,372.36,134.71,165.44,1,1,0.78679
40,0,845.12,663.21,166.44,310.71,1,1,0.94171
40,1,326.08,374.17,243.67,258.79,1,1,0.95506
40,2,632.33,555.11,208.46,268.95,1,1,0.94996
40,3,1078.81,393.49,198.7,264.76,1,1,0.92123
40,5,295.19,121.04,129.29,254.49,1,1,0.95347
40,6,625.43,385.96,182.12,239.01,1,1,0.92422
40,7,1059.86,194.55,157.98,214.34,1,1,0.89946
40,8,1292.38,422.0,201.03,268.04,1,1,0.90647
40,9,911.86,528.22,127.98,276.93,1,1,0.81071
40,10,1659.91,195.41,130.68,253.58,1,1,0.90848
40,11,1692.36,32.66,141.56,237.94,1,1,0.92067
40,12,947.64,358.16,151.93,165.63,1,1,0.82671
40,14,509.1,332.7,127.64,163.84,1,1,0.8802
40,15,765.48,369.98,250.37,233.06,1,1,0.83874
40,17,1860.01,-0.36,60.69,125.78,1,1,0.83391
40,13,1374.73,366.46,142.76,160.83,1,1,0.82559
41,0,846.04,667.09,159.68,308.0,1,1,0.94932
41,1,319.56,370.79,249.49,266.6,1,1,0.95131
41,2,631.87,551.27,208.37,274.87,1,1,0.94917
41,3,1062.18,387.89,214.19,271.06,1,1,0.90577
41,5,294.74,122.07,128.04,253.07,1,1,0.95513
41,6,610.47,379.42,194.94,245.21,1,1,0.90814
41,7,1063.65,198.94,149.92,209.16,1,1,0.88064
41,8,1290.81,423.11,200.68,263.65,1,1,0.91159
41,9,915.27,532.19,126.7,272.73,1,1,0.87917
41,10,1655.98,203.71,127.04,245.68,1,1,0.89324
41,11,1687.74,37.48,138.13,229.05,1,1,0.89024
41,12,927.81,355.93,159.07,156.57,1,1,0.79627
41,14,496.4,327.2,130.04,166.11,1,1,0.85427
41,15,751.16,370.52,235.66,232.1,1,1,0.84912
41,17,1862.51,0.39,57.91,126.13,1,1,0.83443
41,13,1366.44,363.58,151.11,162.5,1,1,0.86247
42,0,845.07,669.79,154.49,306.98,1,1,0.9508
42,1,309.78,367.91,252.71,270.37,1,1,0.95349
42,2,626.32,544.97,210.85,281.92,1,1,0.94171
42,3,1047.6,385.72,226.57,270.37,1,1,0.91267
42,5,293.14,122.3,129.07,251.76,1,1,0.95829
42,6,592.02,373.09,210.27,248.84,1,1,0.89747
42,7,1058.23,203.25,159.95,208.15,1,1,0.90008
42,8,1281.52,418.12,206.28,265.6,1,1,0.92828
42,9,914.18,533.58,126.05,271.01,1,1,0.9003
42,10,1649.03,209.33,129.32,239.41,1,1,0.89221
42,11,1682.98,41.9,132.16,238.29,1,1,0.92448
42,12,912.95,352.29,162.77,152.18,1,1,0.77932
42,14,487.53,320.17,127.32,172.71,1,1,0.87247
42,15,741.74,368.73,211.82,231.79,1,1,0.89161
42,17,1867.76,0.06,52.11,125.3,1,1,0.77033
42,13,1369.08,358.51,146.46,167.45,1,1,0.89075
43,0,845.03,674.93,153.43,306.6,1,1,0.94559
43,1,295.25,366.57,256.33,273.7,1,1,0.94851
43,2,616.28,544.7,209.62,281.93,1,1,0.94327
43,3,1037.92,386.14,223.68,266.53,1,1,0.92563
43,5,290.5,123.67,130.68,250.61,1,1,0.95415
43,6,562.71,367.82,228.59,250.31,1,1,0.88998
43,7,1050.61,209.22,166.98,203.96,1,1,0.90742
43,8,1268.17,417.35,212.59,266.98,1,1,0.93287
43,9,910.98,536.8,131.47,270.82,1,1,0.90732
43,10,1638.46,215.99,135.69,235.05,1,1,0.88982
43,11,1677.51,46.78,125.13,241.36,1,1,0.91142
43,12,900.12,351.55,164.0,165.12,1,1,0.85079
43,14,474.69,313.35,125.06,182.4,1,1,0.86868
43,15,736.5,368.97,195.79,230.84,1,1,0.88858
43,17,1877.61,3.34,41.52,209.26,1,1,0.66761
43,13,1362.97,353.83,150.16,180.3,1,1,0.88035
44,0,848.92,680.94,155.7,303.24,1,1,0.95458
44,1,283.87,366.59,253.83,274.72,1,1,0.95035
44,2,605.37,539.49,209.54,286.72,1,1,0.94693
44,3,1027.24,387.15,217.13,259.68,1,1,0.92965
44,5,293.07,126.26,135.26,248.25,1,1,0.95513
44,6,558.15,366.91,218.58,244.52,1,1,0.88818
44,7,1045.53,215.47,174.84,199.95,1,1,0.9096
44,8,1257.12,415.08,211.92,267.6,1,1,0.92885
44,9,912.93,542.83,134.07,267.27,1,1,0.92928
44,10,1630.18,218.45,146.78,235.88,1,1,0.91681
44,11,1673.96,54.07,119.99,240.69,1,1,0.907
44,12,892.52,351.5,157.72,173.98,1,1,0.85371
44,14,463.0,308.23,127.1,191.85,1,1,0.87958
44,15,741.12,368.01,187.32,229.88,1,1,0.89058
44,13,1354.99,351.66,157.64,190.78,1,1,0.85902
45,0,845.41,685.27,160.87,299.62,1,1,0.95604
45,1,269.44,364.19,245.48,275.86,1,1,0.93646
45,2,589.18,533.57,205.41,289.58,1,1,0.94269
45,3,1009.81,385.13,210.04,255.71,1,1,0.92821
45,5,293.26,127.97,139.36,244.72,1,1,0.95907
45,6,545.96,362.99,201.94,235.7,1,1,0.88462
45,7,1035.18,216.81,184.88,196.99,1,1,0.92074
45,8,1240.63,410.3,196.81,268.88,1,1,0.89803
45,9,905.4,545.13,141.38,263.06,1,1,0.92846
45,10,1616.84,217.32,159.12,238.3,1,1,0.92391
45,11,1665.82,59.67,118.6,237.47,1,1,0.90288
45,12,882.04,348.84,143.72,178.14,1,1,0.86518
45,14,433.9,299.31,140.05,201.37,1,1,0.85036
45,15,713.89,363.52,206.38,228.92,1,1,0.89181
45,13,1341.14,347.5,167.21,202.58,1,1,0.86718
46,0,839.25,692.5,168.5,295.96,1,1,0.95778
46,1,259.47,365.52,225.72,276.69,1,1,0.94813
46,2,574.12,533.77,188.17,290.73,1,1,0.9561
46,3,990.21,387.06,198.49,253.55,1,1,0.92171
46,5,292.16,134.18,139.26,242.64,1,1,0.95202
46,6,532.9,361.7,177.7,227.6,1,1,0.8733
46,7,1021.72,218.6,191.07,197.77,1,1,0.89956
46,8,1222.33,409.81,189.85,270.75,1,1,0.89122
46,9,903.29,551.46,143.41,258.7,1,1,0.93983
46,10,1602.4,218.48,172.64,241.71,1,1,0.93195
46,11,1656.01,69.37,120.57,233.69,1,1,0.91496
46,12,873.78,349.45,136.83,181.84,1,1,0.85094
46,14,420.59,297.38,137.71,205.01,1,1,0.84179
46,15,693.26,360.77,221.4,232.75,1,1,0.90854
46,13,1333.04,346.42,172.62,217.16,1,1,0.8507
47,0,834.37,696.58,176.88,292.95,1,1,0.95635
47,1,254.07,367.51,211.63,277.0,1,1,0.95245
47,2,566.15,532.72,181.37,293.87,1,1,0.96052
47,3,973.38,388.89,195.55,250.65,1,1,0.91472
47,5,294.95,143.03,134.55,237.63,1,1,0.95132
47,6,514.48,359.33,164.76,222.7,1,1,0.84025
47,7,1009.01,221.16,194.73,197.75,1,1,0.90033
47,8,1201.03,410.99,198.72,270.53,1,1,0.92355
47,9,902.65,558.16,146.35,253.92,1,1,0.93578
47,10,1590.87,220.27,187.43,245.21,1,1,0.9222
47,11,1649.39,80.42,124.95,224.98,1,1,0.88842
47,12,865.44,352.9,133.05,181.99,1,1,0.8406
47,14,408.29,301.22,138.52,201.55,1,1,0.84281
47,15,675.96,359.18,232.95,234.75,1,1,0.90763
47,13,1333.28,351.2,168.29,219.35,1,1,0.8692
48,0,828.8,693.21,184.28,296.38,1,1,0.95613
48,1,247.19,365.07,215.52,278.9,1,1,0.95449
48,2,555.54,528.08,189.76,297.06,1,1,0.95949
48,3,955.68,386.9,210.33,253.5,1,1,0.92457
48,5,298.53,150.28,128.23,228.12,1,1,0.94266
48,6,500.57,353.94,164.15,228.1,1,1,0.82358
48,7,998.55,220.9,185.7,198.15,1,1,0.89749
48,8,1183.06,409.3,211.47,270.94,1,1,0.9371
48,9,904.05,561.81,149.94,250.01,1,1,0.92578
48,10,1579.38,220.95,199.35,245.52,1,1,0.91294
48,11,1644.43,85.52,134.09,219.72,1,1,0.91998
48,12,855.98,354.78,128.84,178.6,1,1,0.79701
48,14,399.41,303.22,136.14,191.84,1,1,0.80802
48,15,655.04,355.39,248.31,240.07,1,1,0.93395
48,13,1336.91,351.77,165.97,220.79,1,1,0.88369
49,0,816.37,690.33,191.38,298.31,1,1,0.95345
49,1,232.36,363.26,224.31,280.57,1,1,0.95058
49,2,540.66,523.62,195.77,302.09,1,1,0.95983
49,3,938.85,384.81,223.6,257.46,1,1,0.92614
49,5,296.04,156.39,120.87,221.6,1,1,0.93709
49,6,488.04,352.24,168.37,233.98,1,1,0.7922
49,7,981.91,223.39,177.64,195.23,1,1,0.90045
49,8,1162.23,408.42,220.68,269.26,1,1,0.94052
49,9,896.28,566.51,157.81,246.25,1,1,0.88247
49,10,1565.83,224.13,202.58,242.74,1,1,0.89301
49,11,1633.29,91.2,144.21,215.82,1,1,0.9
49,12,839.53,359.47,128.04,175.05,1,1,0.82263
49,14,393.97,308.57,131.61,190.52,1,1,0.81937
49,15,634.99,353.58,263.01,244.15,1,1,0.92532
49,13,1332.28,356.71,164.42,217.31,1,1,0.8685
50,0,802.26,685.76,194.63,296.33,1,1,0.95274
50,1,214.57,360.73,237.36,280.88,1,1,0.95327
50,2,525.1,518.4,198.53,303.88,1,1,0.96108
50,3,926.49,382.28,232.82,260.07,1,1,0.92688
50,5,290.14,157.85,118.62,223.36,1,1,0.93644
50,6,471.11,348.27,150.47,220.62,1,1,0.8367
50,7,960.75,225.79,163.76,194.65,1,1,0.88318
50,8,1146.24,405.64,223.68,267.48,1,1,0.94141
50,9,886.22,568.98,167.2,243.5,1,1,0.92373
50,10,1556.89,226.04,193.78,240.3,1,1,0.89527
50,11,1619.55,92.7,157.12,215.46,1,1,0.89956
50,12,821.2,363.34,135.31,190.93,1,1,0.8396
50,14,386.9,311.82,130.6,191.71,1,1,0.76132
50,15,611.9,351.43,260.83,245.12,1,1,0.88583
50,13,1322.04,358.11,169.14,219.49,1,1,0.88001
51,0,788.7,683.11,190.21,291.59,1,1,0.95147
51,1,202.85,359.38,241.9,280.41,1,1,0.95929
51,2,516.2,516.19,200.15,300.18,1,1,0.9611
51,3,912.57,380.28,240.2,262.73,1,1,0.9269
51,5,288.65,159.67,118.53,225.22,1,1,0.94255
51,6,459.21,348.99,137.76,217.84,1,1,0.79286
51,7,939.49,230.2,163.76,197.94,1,1,0.87461
51,8,1134.24,404.82,229.82,266.07,1,1,0.94755
51,9,878.01,570.92,179.04,243.55,1,1,0.92921
51,10,1547.39,229.39,184.24,236.74,1,1,0.87351
51,11,1606.53,95.44,173.59,215.56,1,1,0.90515
51,12,805.74,369.56,140.94,200.62,1,1,0.85742
51,14,381.13,316.55,132.81,201.76,1,1,0.82375
51,15,602.69,351.26,225.93,245.68,1,1,0.89503
51,13,1315.83,361.47,175.26,225.64,1,1,0.87151
52,0,785.16,681.79,188.32,289.88,1,1,0.95194
52,1,200.17,358.6,243.67,280.11,1,1,0.95797
52,2,514.65,515.16,200.85,298.59,1,1,0.9608
52,3,909.2,379.21,242.97,263.79,1,1,0.9274
52,5,289.24,159.98,118.87,225.71,1,1,0.94349
52,6,455.98,348.9,134.56,217.51,1,1,0.79075
52,7,933.76,231.45,163.76,199.09,1,1,0.87467
52,8,1131.63,404.26,232.26,265.55,1,1,0.94748
52,9,876.59,571.15,183.59,243.77,1,1,0.929
52,10,1545.67,230.19,180.46,235.5,1,1,0.8734
52,11,1603.23,95.96,180.14,215.76,1,1,0.90405
52,12,801.75,371.84,143.33,204.37,1,1,0.85574
52,14,381.25,317.95,132.94,205.22,1,1,0.81848
52,15,601.58,350.84,211.33,245.98,1,1,0.89797
52,13,1315.22,362.44,177.57,227.82,1,1,0.87018
52,19,0.0,311.76,30.26,260.81,1,1,0.86446
53,0,779.46,678.87,178.24,290.23,1,1,0.94289
53,1,194.69,354.74,241.77,277.34,1,1,0.96075
53,2,510.03,513.68,196.49,289.67,1,1,0.95458
53,3,906.08,378.12,233.68,262.87,1,1,0.91908
53,5,289.04,159.94,119.27,223.6,1,1,0.9296
53,6,449.08,349.45,131.25,213.77,1,1,0.81468
53,7,925.56,234.47,166.86,197.08,1,1,0.86367
53,8,1124.86,401.9,231.95,267.33,1,1,0.95056
53,9,871.88,572.21,189.31,241.57,1,1,0.90769
53,10,1523.07,231.99,184.17,233.63,1,1,0.89706
53,11,1591.69,95.14,192.59,216.34,1,1,0.90456
53,12,788.94,375.12,157.12,210.98,1,1,0.87498
53,14,377.95,321.57,125.41,208.85,1,1,0.84077
53,15,604.59,350.35,200.65,245.64,1,1,0.92685
53,13,1312.23,363.11,180.26,242.84,1,1,0.8813
53,19,-0.51,304.34,41.81,263.39,1,1,0.88381
54,0,776.71,674.1,172.17,293.98,1,1,0.94755
54,1,194.93,352.2,227.87,273.92,1,1,0.95768
54,2,509.43,511.63,183.65,284.29,1,1,0.95157
54,3,908.84,377.44,213.66,255.68,1,1,0.92003
54,5,293.96,160.24,119.78,221.38,1,1,0.91098
54,6,430.83,350.46,144.68,211.82,1,1,0.78185
54,7,924.15,235.75,168.86,189.38,1,1,0.89303
54,8,1125.9,398.02,217.14,269.33,1,1,0.95558
54,9,867.62,572.63,194.27,247.42,1,1,0.90135
54,10,1511.37,233.59,179.55,231.39,1,1,0.88563
54,11,1582.8,93.04,198.61,214.53,1,1,0.85196
54,12,780.31,379.21,154.1,212.57,1,1,0.84066
54,14,378.56,318.32,112.72,219.64,1,1,0.81978
54,15,617.55,349.96,183.81,247.71,1,1,0.92108
54,13,1311.97,362.82,180.13,255.38,1,1,0.89607
54,19,0.82,295.92,58.89,255.25,1,1,0.893
55,0,764.18,665.3,187.71,304.04,1,1,0.93915
55,1,190.57,353.48,183.03,272.67,1,1,0.96336
55,2,500.76,509.85,151.66,285.31,1,1,0.94353
55,3,902.85,394.31,170.27,236.5,1,1,0.88023
55,5,302.1,168.56,126.61,217.16,1,1,0.89572
55,6,418.36,349.38,145.32,220.64,1,1,0.8331
55,7,919.89,240.1,167.7,202.07,1,1,0.87032
55,8,1123.79,398.17,173.27,270.82,1,1,0.95333
55,9,858.39,579.11,185.32,259.19,1,1,0.91492
55,10,1501.64,240.14,190.46,241.26,1,1,0.91833
55,11,1563.42,96.58,198.82,227.48,1,1,0.893
55,12,787.63,389.67,129.5,207.37,1,1,0.67807
55,14,375.61,328.78,92.69,220.36,1,1,0.77213
55,15,616.94,351.37,197.41,253.33,1,1,0.9499
55,13,1307.21,372.5,170.12,258.1,1,1,0.90039
55,19,4.33,292.93,92.21,236.18,1,1,0.89228
56,0,756.38,661.17,193.4,307.84,1,1,0.93876
56,1,185.88,353.19,165.84,272.17,1,1,0.96305
56,2,494.45,508.42,139.82,285.5,1,1,0.94362
56,3,897.72,399.93,153.91,229.26,1,1,0.88029
56,5,301.59,170.62,129.2,216.12,1,1,0.89481
56,6,409.87,348.17,146.12,224.07,1,1,0.83366
56,7,914.96,240.83,167.25,206.68,1,1,0.87027
56,8,1120.1,397.46,156.25,271.4,1,1,0.95324
56,9,850.94,580.63,181.48,263.67,1,1,0.91493
56,10,1494.66,241.7,194.55,244.86,1,1,0.91868
56,11,1552.1,97.01,198.77,232.21,1,1,0.89322
56,12,787.44,392.81,119.64,205.15,1,1,0.67666
56,14,371.57,332.07,85.91,220.58,1,1,0.771
56,15,613.61,351.09,201.92,255.44,1,1,0.94965
56,13,1301.76,375.47,166.11,258.97,1,1,0.90062
56,19,1.67,291.23,107.44,231.09,1,1,0.8954
57,0,757.16,648.88,188.64,304.77,1,1,0.94912
57,1,170.96,354.35,183.77,272.02,1,1,0.94798
57,2,484.03,504.54,164.52,285.57,1,1,0.94818
57,3,875.85,411.02,192.54,218.76,1,1,0.91605
57,5,316.2,181.16,133.12,206.28,1,1,0.85234
57,6,395.21,346.43,148.6,259.41,1,1,0.84798
57,7,911.87,246.07,146.89,220.0,1,1,0.88033
57,8,1105.28,395.03,180.33,270.85,1,1,0.95218
57,9,856.98,588.36,167.87,262.29,1,1,0.92078
57,10,1495.32,246.92,198.34,258.23,1,1,0.92594
57,11,1531.72,98.13,188.83,220.71,1,1,0.88672
57,15,601.94,350.24,213.09,258.82,1,1,0.93867
57,13,1296.39,384.23,183.59,251.98,1,1,0.9226
57,19,8.42,286.43,142.39,234.56,1,1,0.91198
58,0,749.84,639.64,178.65,290.66,1,1,0.94059
58,1,154.61,352.51,200.13,273.46,1,1,0.93082
58,2,472.91,499.36,178.54,285.63,1,1,0.94352
58,3,854.79,418.86,219.41,210.57,1,1,0.89257
58,5,322.45,188.04,132.73,195.02,1,1,0.89457
58,6,368.21,343.75,157.27,277.21,1,1,0.87759
58,7,899.75,250.5,142.74,221.96,1,1,0.88304
58,8,1087.82,391.71,195.42,270.89,1,1,0.93794
58,9,857.16,592.52,163.17,258.17,1,1,0.9008
58,10,1489.28,250.53,194.97,264.38,1,1,0.92169
58,11,1511.68,97.09,186.48,219.0,1,1,0.90219
58,15,580.99,348.45,217.31,260.28,1,1,0.91289
58,13,1284.82,390.83,199.27,243.73,1,1,0.92801
58,19,21.77,281.95,154.71,233.01,1,1,0.88855
58,12,746.21,394.07,155.22,197.23,1,1,0.80259
59,0,745.05,632.25,166.99,285.6,1,1,0.93959
59,1,136.67,350.25,213.9,278.09,1,1,0.893
59,2,460.12,494.84,193.03,280.88,1,1,0.93165
59,3,836.84,427.03,238.51,204.7,1,1,0.88299
59,5,330.57,193.18,127.68,183.05,1,1,0.89002
59,6,348.79,344.25,164.13,277.29,1,1,0.84366
59,7,881.79,255.99,163.19,219.45,1,1,0.89115
59,8,1076.87,389.95,206.24,272.26,1,1,0.93186
59,9,857.18,598.56,162.45,252.96,1,1,0.90909
59,10,1486.18,254.03,183.4,267.62,1,1,0.90431
59,11,1503.31,97.1,195.35,218.44,1,1,0.90015
59,15,559.14,348.23,222.82,260.29,1,1,0.88826
59,13,1273.81,394.9,213.84,242.76,1,1,0.93024
59,19,48.77,274.53,153.21,226.28,1,1,0.87985
59,12,735.26,392.45,162.77,201.64,1,1,0.79144
60,0,742.84,626.76,154.72,283.33,1,1,0.93372
60,1,120.59,349.09,228.75,286.26,1,1,0.90671
60,2,448.3,492.39,205.74,280.68,1,1,0.94924
60,3,825.2,427.69,252.04,212.49,1,1,0.88832
60,5,340.92,198.13,118.65,173.37,1,1,0.86768
60,6,337.49,343.92,169.76,257.14,1,1,0.83026
60,7,872.29,258.22,177.8,214.43,1,1,0.88323
60,8,1070.21,388.87,209.87,274.62,1,1,0.9428
60,9,862.11,604.86,161.54,247.0,1,1,0.92075
60,10,1484.87,259.78,166.99,265.01,1,1,0.9095
60,11,1499.76,97.65,203.73,217.4,1,1,0.92133
60,15,542.29,347.0,218.58,260.59,1,1,0.91462
60,13,1266.96,396.11,223.26,247.68,1,1,0.94354
60,19,84.25,264.53,148.34,222.28,1,1,0.67752
60,12,734.75,389.46,151.37,212.84,1,1,0.8188
61,0,737.77,623.38,161.0,284.17,1,1,0.94702
61,1,115.31,350.61,228.44,291.52,1,1,0.92963
61,2,451.61,493.12,196.01,282.07,1,1,0.95315
61,3,823.65,431.03,258.95,219.91,1,1,0.90715
61,5,344.78,204.73,120.77,179.17,1,1,0.82667
61,6,343.89,350.4,164.61,237.2,1,1,0.74628
61,7,867.25,261.34,188.63,213.02,1,1,0.87761
61,8,1066.83,390.91,205.0,277.62,1,1,0.92588
61,9,866.57,615.2,159.55,243.26,1,1,0.91299
61,10,1490.19,268.32,151.38,259.22,1,1,0.87
61,11,1498.81,99.98,207.31,213.23,1,1,0.88807
61,15,533.49,346.88,203.22,262.71,1,1,0.91741
61,13,1262.77,398.98,223.08,256.04,1,1,0.93731
61,19,117.36,255.24,148.1,176.98,1,1,0.77101
61,12,741.73,388.59,138.62,228.14,1,1,0.83201
62,0,732.78,619.23,172.23,288.66,1,1,0.94777
62,1,102.76,354.92,222.28,290.61,1,1,0.95008
62,2,452.01,493.71,170.82,280.54,1,1,0.95655
62,3,818.9,433.83,248.92,212.26,1,1,0.90625
62,5,350.52,207.03,123.05,188.24,1,1,0.79903
62,6,328.18,346.6,173.17,235.35,1,1,0.83894
62,7,859.94,263.62,186.86,203.65,1,1,0.86704
62,8,1049.15,390.84,201.74,280.42,1,1,0.88937
62,9,869.21,623.84,161.23,240.32,1,1,0.91875
62,10,1482.7,272.94,160.89,256.36,1,1,0.90095
62,11,1493.91,101.25,207.0,207.7,1,1,0.89122
62,15,523.87,344.38,201.28,265.91,1,1,0.91897
62,13,1251.97,401.3,218.21,258.79,1,1,0.93533
62,19,145.42,243.51,145.65,187.71,1,1,0.85841
62,12,743.91,390.7,129.88,236.34,1,1,0.81955
63,0,727.68,611.77,185.01,292.26,1,1,0.94403
63,1,91.74,354.45,209.71,290.08,1,1,0.95667
63,2,450.46,491.82,149.3,279.6,1,1,0.96268
63,3,819.71,428.42,228.27,215.96,1,1,0.89479
63,5,353.81,205.29,137.04,204.26,1,1,0.83284
63,6,321.01,347.03,172.32,244.18,1,1,0.80919
63,7,854.07,264.6,181.44,198.66,1,1,0.87338
63,8,1027.36,388.18,197.67,283.78,1,1,0.91144
63,9,878.67,629.18,169.18,246.62,1,1,0.90123
63,10,1470.59,273.93,181.78,256.2,1,1,0.89953
63,11,1493.6,101.72,197.66,209.69,1,1,0.91234
63,15,509.41,339.62,218.73,269.03,1,1,0.91897
63,13,1239.94,402.77,209.01,258.35,1,1,0.92906
63,19,177.5,231.83,138.05,198.46,1,1,0.88437
63,12,743.06,393.65,120.45,236.29,1,1,0.82088
64,0,723.69,606.46,181.98,269.13,1,1,0.92379
64,1,85.11,354.67,190.81,289.66,1,1,0.95533
64,2,449.57,489.61,144.78,280.29,1,1,0.96122
64,3,822.88,422.79,202.67,224.59,1,1,0.88537
64,5,354.92,202.61,154.46,213.31,1,1,0.86582
64,6,340.5,348.22,147.65,250.98,1,1,0.79447
64,7,849.15,268.88,166.78,198.15,1,1,0.87327
64,8,1012.97,384.48,190.04,287.42,1,1,0.94368
64,9,887.81,634.26,183.63,250.34,1,1,0.91855
64,10,1457.29,273.62,201.97,259.72,1,1,0.87915
64,11,1493.04,100.76,178.66,214.86,1,1,0.91471
64,15,507.01,335.79,223.07,268.75,1,1,0.90343
64,13,1229.1,405.3,198.72,256.31,1,1,0.91496
64,19,206.06,220.58,134.47,223.3,1,1,0.88222
64,12,736.56,395.94,119.96,232.04,1,1,0.84247
65,0,720.37,603.4,189.96,263.77,1,1,0.93372
65,1,82.9,353.59,174.96,290.75,1,1,0.95331
65,2,448.85,488.42,147.69,275.15,1,1,0.95417
65,3,825.2,421.26,197.98,229.97,1,1,0.91344
65,5,360.23,200.14,158.76,215.42,1,1,0.86072
65,6,343.67,349.16,143.13,260.07,1,1,0.83085
65,7,834.85,275.57,147.55,199.88,1,1,0.86026
65,8,1004.16,380.39,196.6,291.8,1,1,0.93531
65,9,902.11,641.91,192.51,250.81,1,1,0.91677
65,10,1449.22,273.93,213.01,258.09,1,1,0.89765
65,11,1492.57,100.67,153.81,215.84,1,1,0.92586
65,15,512.09,333.05,213.51,271.56,1,1,0.89229
65,13,1218.13,409.43,193.63,260.86,1,1,0.90382
65,19,233.95,209.97,132.66,240.23,1,1,0.88845
65,12,729.63,395.07,116.02,224.78,1,1,0.83715
66,0,713.71,600.84,187.01,251.1,1,1,0.94344
66,1,79.46,350.11,176.26,291.87,1,1,0.9568
66,2,444.15,487.44,151.41,266.61,1,1,0.95377
66,3,823.32,421.88,207.07,231.24,1,1,0.913
66,5,374.22,197.45,150.65,214.96,1,1,0.84703
66,6,343.02,348.65,137.36,269.52,1,1,0.83604
66,7,825.8,281.56,140.99,189.2,1,1,0.8475
66,8,994.05,376.15,198.85,292.78,1,1,0.91842
66,9,910.47,645.32,201.58,255.0,1,1,0.9382
66,10,1441.09,273.77,214.77,263.29,1,1,0.91505
66,11,1486.49,98.36,142.82,221.78,1,1,0.91427
66,15,505.92,331.12,204.86,261.17,1,1,0.86255
66,13,1199.52,412.15,203.4,266.3,1,1,0.87712
66,19,258.06,200.93,132.45,245.8,1,1,0.8769
66,12,711.7,396.92,132.74,235.84,1,1,0.84797
66,20,-0.55,0.19,47.47,157.89,1,1,0.86299
67,0,704.9,597.66,179.78,248.34,1,1,0.94677
67,1,75.34,345.9,184.24,293.98,1,1,0.96053
67,2,432.86,487.47,158.97,263.29,1,1,0.94502
67,3,817.22,421.74,222.09,234.05,1,1,0.92245
67,5,385.63,197.2,142.47,208.75,1,1,0.86568
67,6,334.87,348.99,135.42,275.34,1,1,0.85516
67,7,821.65,287.66,137.97,183.78,1,1,0.85865
67,8,994.6,372.27,194.07,297.46,1,1,0.92318
67,9,927.79,649.68,202.5,254.7,1,1,0.94267
67,10,1432.59,275.77,209.34,265.85,1,1,0.92864
67,11,1476.94,96.93,148.21,224.11,1,1,0.9293
67,15,505.25,331.07,190.57,254.47,1,1,0.86374
67,13,1187.05,416.12,225.38,265.79,1,1,0.89482
67,19,273.23,196.42,136.65,247.78,1,1,0.85137
67,12,688.26,398.91,162.56,235.16,1,1,0.88075
67,20,-0.93,-0.06,58.7,156.94,1,1,0.89653
68,0,694.16,595.98,170.28,247.04,1,1,0.93058
68,1,65.96,342.84,193.31,296.63,1,1,0.95604
68,2,408.28,490.99,181.24,260.29,1,1,0.92515
68,3,808.41,426.43,233.57,230.18,1,1,0.91349
68,5,395.86,193.23,128.72,203.65,1,1,0.8465
68,6,318.86,348.34,143.81,280.86,1,1,0.77759
68,7,810.89,292.58,150.28,186.46,1,1,0.87521
68,8,987.1,370.99,191.49,295.29,1,1,0.89602
68,9,951.1,655.05,199.37,252.99,1,1,0.93557
68,10,1424.02,278.49,195.88,262.91,1,1,0.91412
68,11,1464.27,95.83,162.47,226.9,1,1,0.93832
68,15,489.75,333.71,180.6,248.46,1,1,0.81196
68,13,1180.64,420.63,233.2,265.11,1,1,0.91794
68,19,292.14,184.06,133.62,245.65,1,1,0.85303
68,12,660.66,402.47,194.26,239.13,1,1,0.88648
68,20,-0.51,0.22,71.08,152.13,1,1,0.91152
69,0,687.86,592.91,154.0,248.14,1,1,0.9384
69,1,54.56,340.77,196.69,294.51,1,1,0.96169
69,2,389.79,493.61,196.55,261.47,1,1,0.92905
69,3,801.77,431.4,235.11,228.12,1,1,0.91171
69,5,402.4,192.39,117.85,206.48,1,1,0.87507
69,6,333.44,351.91,122.36,275.92,1,1,0.79888
69,7,797.36,296.56,157.58,188.63,1,1,0.87533
69,8,983.4,371.04,172.26,293.73,1,1,0.8964
69,9,973.87,657.36,201.71,252.67,1,1,0.92088
69,10,1409.29,283.74,160.04,257.28,1,1,0.90108
69,11,1450.79,94.24,178.85,228.94,1,1,0.94078
69,15,475.22,338.76,168.02,256.2,1,1,0.87832
69,13,1171.22,427.91,240.55,252.47,1,1,0.91614
69,19,310.53,175.14,128.28,236.73,1,1,0.85668
69,12,638.13,407.32,201.9,243.26,1,1,0.86894
69,20,-0.78,0.19,86.78,147.32,1,1,0.92074
70,0,680.36,589.37,155.48,249.04,1,1,0.93257
70,1,42.11,340.28,194.91,286.97,1,1,0.95146
70,2,383.22,493.68,201.62,263.59,1,1,0.92247
70,3,794.15,436.6,237.11,226.13,1,1,0.93093
70,5,407.34,187.76,117.41,224.94,1,1,0.84963
70,6,325.48,355.21,126.37,261.51,1,1,0.78259
70,7,782.15,299.51,162.39,197.26,1,1,0.88792
70,8,986.31,370.29,146.38,294.18,1,1,0.89736
70,9,994.9,663.34,203.21,251.31,1,1,0.92578
70,10,1391.17,287.91,158.72,250.51,1,1,0.92126
70,11,1432.64,92.45,197.23,227.33,1,1,0.93064
70,15,473.95,342.43,165.53,255.71,1,1,0.85669
70,13,1154.83,434.11,243.67,250.43,1,1,0.90394
70,19,335.93,172.44,116.43,222.83,1,1,0.7774
70,12,614.33,410.59,206.85,254.7,1,1,0.86767
70,20,-0.32,0.19,101.85,140.77,1,1,0.88539
70,21,-0.32,331.38,40.26,265.19,1,1,0.75005
71,0,675.3,582.02,164.39,253.47,1,1,0.94289
71,1,36.45,341.59,186.8,279.22,1,1,0.94295
71,2,391.77,492.65,198.49,266.35,1,1,0.92652
71,3,799.27,441.64,222.5,226.12,1,1,0.9357
71,5,419.74,188.22,123.95,230.32,1,1,0.85874
71,6,330.36,356.63,126.53,272.33,1,1,0.83413
71,7,777.35,303.31,136.75,211.05,1,1,0.75551
71,8,986.25,370.02,133.67,300.33,1,1,0.91947
71,9,1022.34,670.29,204.8,242.9,1,1,0.94916
71,10,1377.35,287.37,173.09,254.52,1,1,0.93211
71,11,1415.23,92.9,218.51,218.7,1,1,0.91682
71,15,471.6,344.97,161.2,254.89,1,1,0.86308
71,13,1145.61,441.29,233.15,249.77,1,1,0.9161
71,12,600.01,415.59,217.3,257.79,1,1,0.86948
71,20,2.41,0.57,118.67,132.57,1,1,0.85549
71,21,1.29,327.09,42.89,247.75,1,1,0.65956
72,0,673.92,580.26,177.42,252.91,1,1,0.92444
72,1,36.25,343.04,171.84,274.89,1,1,0.92749
72,2,410.25,495.7,194.59,263.48,1,1,0.9226
72,3,800.48,449.91,210.73,220.37,1,1,0.91081
72,5,432.91,181.97,145.41,232.4,1,1,0.77767
72,6,328.87,361.78,138.02,288.72,1,1,0.82514
72,7,779.91,311.13,115.9,229.78,1,1,0.86426
72,8,993.93,373.0,139.9,305.06,1,1,0.91774
72,9,1051.2,677.17,212.57,242.3,1,1,0.93756
72,10,1364.08,293.27,192.22,253.04,1,1,0.93675
72,11,1400.05,95.96,228.64,214.04,1,1,0.86697
72,15,467.94,347.8,172.92,241.62,1,1,0.87182
72,13,1132.18,448.6,227.81,249.49,1,1,0.90971
72,12,609.79,422.13,187.01,255.55,1,1,0.85572
72,20,9.08,0.89,140.12,127.56,1,1,0.83843
72,21,2.98,316.48,55.83,247.7,1,1,0.74303
72,22,2.25,114.79,60.93,229.18,1,1,0.82177
72,19,396.8,152.01,96.68,230.07,1,1,0.77725
73,0,668.53,574.85,201.03,254.76,1,1,0.90761
73,1,43.47,346.54,157.72,279.95,1,1,0.93095
73,2,434.54,495.41,186.86,263.7,1,1,0.92704
73,3,814.29,454.99,181.97,219.17,1,1,0.91277
73,5,452.91,184.66,172.25,230.73,1,1,0.81119
73,6,336.83,366.09,146.77,304.85,1,1,0.84887
73,7,784.22,318.84,110.11,201.95,1,1,0.80677
73,8,1000.71,374.35,161.45,305.94,1,1,0.9314
73,9,1085.83,681.56,219.45,249.59,1,1,0.93457
73,10,1344.97,299.59,215.88,252.24,1,1,0.93025
73,11,1397.15,98.88,230.7,215.65,1,1,0.8713
73,15,474.37,348.13,178.15,225.38,1,1,0.84039
73,13,1130.09,455.28,208.91,249.93,1,1,0.88213
73,12,629.25,427.48,155.99,248.98,1,1,0.86579
73,20,26.47,0.93,157.07,122.75,1,1,0.80959
73,21,6.18,315.72,60.24,230.53,1,1,0.81171
73,22,7.43,107.47,91.66,222.22,1,1,0.85505
73,19,422.87,144.51,106.98,240.13,1,1,0.71224
74,0,676.91,571.69,208.05,260.37,1,1,0.92082
74,1,50.25,349.08,148.65,283.15,1,1,0.93386
74,2,459.47,494.57,180.94,265.21,1,1,0.92899
74,3,832.55,461.85,167.3,216.4,1,1,0.88897
74,5,470.37,188.53,199.1,232.66,1,1,0.86754
74,6,346.29,376.05,149.88,304.94,1,1,0.84348
74,7,777.13,327.72,123.95,203.64,1,1,0.87823
74,8,1004.55,378.12,176.86,303.63,1,1,0.92079
74,9,1118.03,684.44,230.11,265.49,1,1,0.93816
74,10,1338.03,306.77,220.19,252.61,1,1,0.93638
74,11,1397.55,103.61,222.11,219.67,1,1,0.90734
74,15,476.88,349.46,177.58,217.04,1,1,0.8208
74,13,1162.2,465.11,173.59,243.42,1,1,0.86933
74,12,639.07,430.23,142.62,222.8,1,1,0.8289
74,20,44.88,2.08,159.17,113.67,1,1,0.84596
74,21,6.78,325.35,71.64,227.71,1,1,0.88725
74,22,12.04,98.58,129.92,222.95,1,1,0.88451
74,19,450.2,135.4,118.72,235.95,1,1,0.75661
75,0,691.23,567.87,193.28,255.55,1,1,0.91666
75,1,62.19,350.65,144.83,282.86,1,1,0.92212
75,2,484.75,491.89,174.06,266.68,1,1,0.92355
75,3,852.35,466.62,163.15,210.27,1,1,0.87297
75,5,488.59,185.16,217.21,238.97,1,1,0.89013
75,6,359.38,381.83,145.86,301.11,1,1,0.83106
75,7,773.84,334.15,132.07,210.81,1,1,0.86687
75,8,1010.03,382.39,187.25,297.39,1,1,0.92093
75,9,1157.72,685.87,233.87,280.88,1,1,0.94205
75,10,1343.74,305.32,204.06,260.28,1,1,0.91792
75,11,1419.29,107.98,198.38,214.42,1,1,0.90274
75,15,482.28,345.95,173.92,207.03,1,1,0.81183
75,13,1192.6,471.52,161.59,235.29,1,1,0.89924
75,12,644.54,429.79,142.31,207.33,1,1,0.83906
75,20,64.39,0.88,165.38,108.95,1,1,0.89079
75,21,7.43,333.27,86.66,232.54,1,1,0.87238
75,22,27.72,89.16,162.14,218.75,1,1,0.83995
76,0,702.95,568.81,174.0,247.82,1,1,0.91263
76,1,74.36,352.16,150.62,285.6,1,1,0.92806
76,2,511.38,490.7,171.5,268.42,1,1,0.91762
76,3,872.3,470.63,162.78,209.65,1,1,0.87104
76,5,507.7,183.28,227.19,243.43,1,1,0.90485
76,6,373.15,394.71,139.49,289.47,1,1,0.85425
76,7,776.7,342.01,137.19,222.29,1,1,0.87243
76,8,1017.27,388.05,185.3,291.61,1,1,0.91467
76,9,1210.97,691.78,230.63,285.62,1,1,0.94488
76,10,1354.91,312.59,178.91,263.23,1,1,0.9136
76,11,1442.08,111.84,185.65,217.37,1,1,0.91962
76,15,484.72,346.4,169.82,227.1,1,1,0.79021
76,13,1185.16,478.3,187.32,228.82,1,1,0.9039
76,12,650.47,431.14,143.8,208.8,1,1,0.85954
76,20,84.85,0.92,177.22,107.12,1,1,0.90467
76,21,7.51,339.87,103.95,239.94,1,1,0.89427
76,22,54.59,81.76,183.83,226.06,1,1,0.89852
76,19,500.76,115.91,135.66,232.77,1,1,0.70603
77,0,711.93,568.41,150.51,240.39,1,1,0.90838
77,1,78.85,351.24,168.65,291.18,1,1,0.93255
77,2,537.75,490.7,164.61,268.26,1,1,0.92112
77,3,887.74,472.82,146.79,207.95,1,1,0.90403
77,5,530.29,183.0,226.59,243.51,1,1,0.9025
77,6,387.2,404.56,138.09,279.43,1,1,0.85165
77,7,781.65,350.46,139.39,220.42,1,1,0.88205
77,8,1015.75,390.95,178.04,293.23,1,1,0.88494
77,9,1271.69,696.28,220.44,284.67,1,1,0.93404
77,10,1376.69,319.53,156.21,258.44,1,1,0.90713
77,11,1458.5,114.51,183.9,221.9,1,1,0.92461
77,15,489.01,354.69,159.18,208.54,1,1,0.78595
77,13,1172.95,485.12,221.21,222.92,1,1,0.90939
77,12,656.45,433.41,139.38,200.46,1,1,0.85976
77,20,108.07,0.73,187.75,106.21,1,1,0.89798
77,21,7.39,338.23,122.27,246.2,1,1,0.87251
77,22,93.04,75.51,193.42,229.95,1,1,0.92888
78,0,707.97,561.95,136.46,245.33,1,1,0.9184
78,1,82.95,349.88,188.65,295.05,1,1,0.94169
78,2,563.19,490.14,151.35,268.55,1,1,0.92244
78,3,899.61,461.83,132.83,223.38,1,1,0.92574
78,5,549.67,182.9,219.87,239.13,1,1,0.92332
78,6,396.28,408.36,146.06,274.37,1,1,0.88048
78,7,781.02,356.25,145.29,221.54,1,1,0.93396
78,8,1011.81,393.45,163.57,293.39,1,1,0.9219
78,9,1313.62,701.72,225.27,280.16,1,1,0.94138
78,10,1388.3,321.41,143.57,251.64,1,1,0.91014
78,11,1467.94,115.21,187.32,225.51,1,1,0.92865
78,15,495.96,360.42,150.85,205.63,1,1,0.85492
78,13,1170.53,490.56,244.51,216.06,1,1,0.9177
78,12,660.15,435.42,135.72,178.41,1,1,0.88648
78,20,130.71,0.3,197.45,105.49,1,1,0.90772
78,21,4.82,332.24,135.3,253.56,1,1,0.89841
78,22,141.61,67.19,189.66,235.6,1,1,0.92582
78,14,366.46,366.77,112.74,240.64,1,1,0.68377
79,0,702.23,557.21,144.32,247.71,1,1,0.91698
79,1,96.09,348.09,194.39,299.86,1,1,0.93053
79,2,581.81,488.57,140.86,270.98,1,1,0.90468
79,3,903.07,462.78,123.58,230.8,1,1,0.89661
79,5,562.85,185.54,207.52,231.88,1,1,0.90273
79,6,394.21,408.57,160.27,273.28,1,1,0.89495
79,7,774.74,362.21,150.57,222.99,1,1,0.92807
79,8,1008.5,394.58,162.87,292.49,1,1,0.90612
79,9,1340.64,704.51,237.04,277.23,1,1,0.92571
79,10,1386.03,323.85,142.37,249.46,1,1,0.88788
79,11,1468.87,118.8,191.08,222.66,1,1,0.90006
79,15,495.36,366.28,148.29,203.14,1,1,0.87717
79,13,1174.17,496.22,259.57,213.01,1,1,0.90929
79,12,659.14,440.22,129.42,161.35,1,1,0.85516
79,20,151.79,0.6,204.13,105.59,1,1,0.89205
79,21,0.96,331.56,143.55,265.93,1,1,0.89446
79,22,190.75,62.02,179.62,240.5,1,1,0.92096
79,14,350.07,367.43,134.68,251.79,1,1,0.85361
80,0,695.07,555.68,161.01,245.34,1,1,0.90126
80,1,108.03,346.62,192.0,303.64,1,1,0.90086
80,2,593.1,487.4,131.91,267.93,1,1,0.88761
80,3,904.7,464.89,116.99,232.95,1,1,0.86913
80,5,569.3,186.18,195.12,227.69,1,1,0.92431
80,6,391.5,409.3,171.43,274.28,1,1,0.90271
80,7,779.64,369.36,150.3,228.6,1,1,0.88598
80,8,997.76,393.93,174.23,293.7,1,1,0.90497
80,9,1362.25,706.86,247.44,282.96,1,1,0.91802
80,10,1386.93,330.22,139.83,245.23,1,1,0.86827
80,11,1451.72,123.09,204.08,228.17,1,1,0.85264
80,15,490.37,372.76,146.32,209.33,1,1,0.87265
80,13,1174.24,503.32,270.96,209.01,1,1,0.90039
80,12,656.04,445.74,124.34,151.61,1,1,0.74858
80,20,171.5,0.7,209.11,107.38,1,1,0.829
80,21,-2.78,332.47,150.48,274.21,1,1,0.86512
80,22,232.15,55.79,172.48,247.41,1,1,0.91927
80,14,327.4,366.91,158.55,259.6,1,1,0.87308
81,0,678.25,549.84,185.45,248.43,1,1,0.90221
81,1,117.6,343.3,187.19,308.21,1,1,0.89896
81,2,597.24,472.22,132.51,281.7,1,1,0.85206
81,3,898.87,462.75,114.23,236.75,1,1,0.86039
81,5,580.56,186.21,187.44,229.05,1,1,0.90104
81,6,387.23,409.51,178.15,285.91,1,1,0.90254
81,7,794.63,375.42,140.46,226.5,1,1,0.87817
81,8,986.64,391.76,183.73,290.25,1,1,0.90234
81,9,1385.08,705.44,258.4,294.05,1,1,0.91514
81,10,1381.19,332.84,143.6,242.14,1,1,0.87986
81,11,1436.85,126.95,223.13,225.48,1,1,0.86644
81,15,481.71,378.06,149.17,209.15,1,1,0.86134
81,13,1206.42,510.03,243.5,208.62,1,1,0.88585
81,20,195.2,0.7,201.83,111.05,1,1,0.78278
81,21,-4.75,333.6,153.85,280.45,1,1,0.81993
81,22,262.1,48.63,174.3,254.08,1,1,0.90638
81,14,313.67,368.55,170.43,265.89,1,1,0.82944
81,19,640.74,94.95,134.51,185.01,1,1,0.80622
82,0,654.83,543.36,210.55,253.72,1,1,0.90936
82,1,120.77,337.35,185.39,313.65,1,1,0.92655
82,2,593.37,458.04,129.88,292.6,1,1,0.86196
82,3,883.06,467.14,131.45,231.56,1,1,0.88292
82,5,593.3,183.96,181.51,231.71,1,1,0.92328
82,6,387.01,413.67,178.08,295.97,1,1,0.89394
82,7,804.13,380.19,134.66,227.29,1,1,0.88232
82,8,973.68,391.12,187.51,275.99,1,1,0.92176
82,9,1411.4,705.96,260.74,306.47,1,1,0.92373
82,10,1370.65,335.96,152.01,241.96,1,1,0.86556
82,11,1419.84,139.91,236.05,209.84,1,1,0.87246
82,15,470.65,382.84,156.01,204.94,1,1,0.85128
82,13,1218.5,515.05,228.65,209.67,1,1,0.88713
82,20,226.72,0.38,192.66,111.28,1,1,0.80394
82,21,-5.29,332.76,151.79,271.93,1,1,0.86449
82,22,291.41,36.26,173.19,263.03,1,1,0.92396
82,14,308.11,372.34,166.39,266.7,1,1,0.711
82,19,660.37,91.63,128.12,183.1,1,1,0.88636
82,12,650.6,446.24,119.83,152.48,1,1,0.66254
83,0,633.51,541.46,232.33,258.22,1,1,0.91174
83,1,118.1,332.94,178.31,318.61,1,1,0.92666
83,2,585.8,464.35,129.16,280.05,1,1,0.82433
83,3,863.47,470.83,150.05,226.91,1,1,0.87986
83,5,599.12,182.23,175.66,236.8,1,1,0.9051
83,6,380.71,418.99,164.67,305.02,1,1,0.85472
83,7,801.21,387.13,130.43,225.9,1,1,0.86627
83,8,956.03,395.33,192.45,263.24,1,1,0.92807
83,9,1442.22,709.88,260.64,312.56,1,1,0.88003
83,10,1356.2,343.56,160.84,237.64,1,1,0.86247
83,11,1403.98,146.04,246.77,208.37,1,1,0.87233
83,15,459.79,390.84,160.56,217.26,1,1,0.81175
83,13,1214.37,520.22,214.93,212.5,1,1,0.85977
83,20,262.27,0.96,189.72,107.98,1,1,0.71434
83,21,-6.24,331.33,146.88,267.94,1,1,0.88505
83,22,317.63,26.28,175.12,264.77,1,1,0.89441
83,14,311.35,376.89,145.26,263.82,1,1,0.73504
83,19,674.31,87.18,125.89,188.07,1,1,0.87554
83,12,641.86,444.14,124.04,154.13,1,1,0.66913
84,0,627.75,541.6,236.32,263.25,1,1,0.90955
84,1,117.98,329.76,164.47,321.67,1,1,0.92525
84,2,579.82,484.08,125.85,255.14,1,1,0.87779
84,3,844.46,471.72,170.98,225.59,1,1,0.8668
84,5,603.03,182.48,171.32,238.65,1,1,0.92366
84,6,366.65,423.01,163.89,309.23,1,1,0.84597
84,7,798.74,394.5,125.2,201.21,1,1,0.86737
84,8,940.66,401.07,189.1,252.31,1,1,0.93918
84,9,1506.99,714.16,230.46,312.24,1,1,0.87831
84,10,1342.34,351.69,173.65,225.9,1,1,0.90176
84,11,1396.83,149.08,249.14,212.53,1,1,0.907
84,15,451.28,397.95,162.28,213.03,1,1,0.90767
84,13,1223.26,525.33,197.47,215.08,1,1,0.87044
84,20,310.09,0.99,171.95,101.84,1,1,0.72399
84,21,-1.78,329.39,141.2,265.56,1,1,0.91102
84,22,346.82,16.13,177.5,250.36,1,1,0.90374
84,14,324.41,381.47,121.83,258.31,1,1,0.82662
84,19,695.43,82.41,122.15,202.37,1,1,0.9036
84,12,643.27,439.41,121.9,161.41,1,1,0.82417
85,0,624.88,536.68,221.81,267.63,1,1,0.88609
85,1,116.16,323.5,145.51,325.01,1,1,0.92363
85,2,567.1,486.95,128.3,246.65,1,1,0.86571
85,3,830.46,466.07,178.93,225.43,1,1,0.85785
85,5,603.75,179.65,159.61,240.95,1,1,0.89906
85,6,358.46,426.15,160.44,302.49,1,1,0.86316
85,7,788.99,399.29,123.58,196.11,1,1,0.83241
85,8,921.13,405.85,175.11,245.62,1,1,0.91381
85,9,1550.67,715.66,216.09,309.15,1,1,0.89732
85,10,1337.53,354.03,177.3,220.89,1,1,0.88099
85,11,1394.56,151.84,239.33,212.01,1,1,0.90417
85,15,439.95,401.44,164.18,208.16,1,1,0.8862
85,13,1232.33,522.54,193.26,222.34,1,1,0.86763
85,21,6.15,324.04,131.78,263.85,1,1,0.89841
85,22,385.45,6.82,167.41,233.89,1,1,0.89989
85,19,708.4,74.66,128.69,209.75,1,1,0.88653
85,12,648.13,432.28,112.25,166.04,1,1,0.81145
86,0,611.15,532.15,194.21,272.57,1,1,0.80271
86,1,106.42,320.71,127.42,327.2,1,1,0.9051
86,2,543.31,487.08,139.55,251.37,1,1,0.77875
86,3,821.78,440.83,190.07,249.57,1,1,0.84097
86,5,593.59,179.71,138.81,244.59,1,1,0.864
86,6,349.23,433.08,161.71,293.46,1,1,0.89448
86,7,770.67,407.79,126.36,196.82,1,1,0.78656
86,9,1568.1,721.23,224.13,302.93,1,1,0.89935
86,10,1332.34,358.84,174.2,212.47,1,1,0.86131
86,11,1391.55,155.76,222.8,209.03,1,1,0.90847
86,15,420.29,407.05,156.04,203.46,1,1,0.84215
86,13,1233.9,524.28,196.85,222.34,1,1,0.87915
86,21,11.64,320.35,118.35,266.06,1,1,0.8825
86,22,422.48,1.15,153.34,230.46,1,1,0.91325
86,19,708.29,68.73,146.31,218.28,1,1,0.85915
86,12,645.78,426.01,104.64,171.21,1,1,0.80975
86,20,343.99,-0.54,192.23,89.38,1,1,0.77333
86,14,295.7,394.75,110.42,249.49,1,1,0.72942
87,0,593.3,529.03,172.76,275.54,1,1,0.85522
87,1,91.36,320.35,116.34,323.27,1,1,0.9271
87,2,519.4,483.2,159.8,263.67,1,1,0.79315
87,3,799.24,434.78,200.66,256.07,1,1,0.85736
87,5,580.17,183.63,121.3,244.64,1,1,0.8587
87,6,327.68,436.82,171.04,285.34,1,1,0.89401
87,7,739.64,417.76,147.24,201.48,1,1,0.78814
87,9,1577.33,724.8,236.23,305.83,1,1,0.90635
87,10,1325.22,362.87,168.78,203.38,1,1,0.85331
87,11,1388.75,162.26,201.79,202.72,1,1,0.89381
87,15,396.65,412.41,152.23,197.93,1,1,0.90405
87,13,1230.8,526.51,203.0,221.73,1,1,0.89091
87,21,9.23,319.77,107.86,265.87,1,1,0.89052
87,22,435.64,-0.43,158.33,227.78,1,1,0.88972
87,19,710.87,64.98,157.35,223.0,1,1,0.87686
87,12,631.68,423.93,108.85,182.7,1,1,0.81389
87,20,352.67,-0.27,212.91,86.24,1,1,0.70701
87,14,242.35,399.19,136.16,259.44,1,1,0.87406
88,0,547.36,512.81,165.88,284.78,1,1,0.78636
88,1,68.57,314.35,112.71,316.45,1,1,0.90998
88,3,773.22,431.51,204.62,256.9,1,1,0.8685
88,5,555.16,179.35,123.18,241.88,1,1,0.86689
88,6,293.55,434.75,177.82,285.56,1,1,0.88472
88,7,699.03,415.25,164.02,228.39,1,1,0.80627
88,9,1580.68,719.85,247.0,314.67,1,1,0.90464
88,10,1308.01,359.76,167.24,201.34,1,1,0.81138
88,11,1371.74,158.8,187.2,201.69,1,1,0.89615
88,15,357.72,409.43,161.34,197.17,1,1,0.87575
88,13,1218.65,521.03,208.06,219.89,1,1,0.89339
88,21,-3.78,313.36,98.42,272.07,1,1,0.86754
88,22,429.7,-3.48,178.88,225.08,1,1,0.90764
88,19,701.94,52.41,182.82,230.98,1,1,0.85291
88,12,608.42,415.65,113.55,184.54,1,1,0.72816
88,20,359.49,-2.24,225.48,77.98,1,1,0.64795
88,14,186.26,396.29,157.72,271.07,1,1,0.89044
88,8,861.27,416.77,161.41,221.59,1,1,0.64249
89,0,505.26,511.06,154.7,289.58,1,1,0.76577
89,1,34.47,318.53,116.55,315.18,1,1,0.88957
89,3,740.09,438.99,206.99,257.08,1,1,0.86224
89,5,516.98,182.52,137.39,237.87,1,1,0.88435
89,6,248.33,444.22,181.93,291.79,1,1,0.87055
89,7,660.95,420.5,161.99,236.35,1,1,0.80944
89,9,1582.77,723.25,250.15,326.11,1,1,0.89507
89,10,1284.94,364.03,162.34,204.57,1,1,0.81441
89,11,1349.14,161.68,176.37,201.55,1,1,0.89476
89,15,313.39,416.33,176.55,205.6,1,1,0.86861
89,13,1201.7,526.38,209.6,219.38,1,1,0.90699
89,21,-9.77,321.95,69.76,289.92,1,1,0.80862
89,22,415.45,-1.58,198.88,221.93,1,1,0.90716
89,19,684.76,46.85,195.97,241.58,1,1,0.86616
89,12,574.72,411.02,117.4,197.81,1,1,0.73914
89,20,364.43,0.25,222.22,69.98,1,1,0.70621
89,14,127.97,405.72,167.83,277.4,1,1,0.87981
89,8,826.06,421.63,168.72,217.38,1,1,0.7179
89,2,454.65,473.64,167.45,289.99,1,1,0.76778
90,0,468.86,512.99,142.97,287.13,1,1,0.78388
90,1,1.29,321.54,115.42,315.93,1,1,0.92292
90,3,707.2,446.61,200.03,251.55,1,1,0.87586
90,5,472.47,183.16,157.71,236.11,1,1,0.90292
90,6,210.12,451.59,169.42,291.28,1,1,0.88307
90,7,627.33,422.31,153.82,239.09,1,1,0.85692
90,9,1593.36,727.51,242.99,328.07,1,1,0.90475
90,10,1216.91,364.32,203.24,211.72,1,1,0.86407
90,11,1328.15,161.21,169.16,202.69,1,1,0.90864
90,15,267.3,420.65,191.2,213.23,1,1,0.88345
90,13,1182.51,526.58,212.92,218.11,1,1,0.92067
90,21,-7.31,322.92,37.13,305.49,1,1,0.73523
90,22,402.51,-1.64,212.36,217.06,1,1,0.92016
90,19,673.38,41.27,197.68,240.97,1,1,0.89944
90,12,541.2,411.67,116.8,195.21,1,1,0.80781
90,20,375.24,0.49,185.86,72.25,1,1,0.70225
90,14,77.08,416.75,173.54,276.77,1,1,0.90226
90,8,787.67,422.6,174.15,215.62,1,1,0.80677
91,0,418.18,506.09,154.99,287.88,1,1,0.88872
91,1,-8.9,317.25,92.93,318.63,1,1,0.90659
91,3,681.8,437.69,180.71,256.5,1,1,0.89223
91,5,421.85,175.62,188.03,238.78,1,1,0.93199
91,6,170.97,451.71,153.37,286.1,1,1,0.89014
91,7,600.12,414.44,142.89,246.32,1,1,0.86119
91,9,1620.76,728.64,219.32,324.37,1,1,0.91283
91,10,1185.04,357.01,213.33,212.45,1,1,0.90498
91,11,1310.9,153.57,166.02,204.07,1,1,0.90725
91,15,223.96,417.01,200.72,218.89,1,1,0.9053
91,13,1161.34,522.57,228.93,216.17,1,1,0.93039
91,22,403.02,-3.5,215.29,193.31,1,1,0.92982
91,19,670.0,30.37,207.2,232.32,1,1,0.90009
91,12,510.89,407.37,117.1,245.12,1,1,0.87954
91,20,380.89,-1.41,168.94,70.49,1,1,0.7379
91,14,43.04,423.0,162.93,269.1,1,1,0.91442
91,8,752.29,414.26,175.81,219.17,1,1,0.73475
92,0,369.13,502.89,159.81,285.55,1,1,0.85473
92,1,-10.26,323.5,55.18,284.94,1,1,0.73145
92,3,655.75,430.13,154.03,264.48,1,1,0.82067
92,5,370.96,173.08,207.35,244.03,1,1,0.90389
92,6,121.3,459.81,134.12,285.37,1,1,0.83833
92,7,569.0,411.16,126.39,257.37,1,1,0.83042
92,9,1637.74,729.56,201.14,323.6,1,1,0.86458
92,10,1156.22,354.93,218.13,217.53,1,1,0.9022
92,11,1281.46,149.26,173.22,208.08,1,1,0.90386
92,15,172.39,419.16,208.71,230.0,1,1,0.88725
92,13,1133.31,524.68,249.54,217.45,1,1,0.90585
92,22,409.34,-1.8,209.34,184.39,1,1,0.8747
92,19,668.49,24.27,198.81,226.48,1,1,0.8665
92,12,476.21,410.08,115.87,259.58,1,1,0.84976
92,20,375.08,-0.04,202.77,73.28,1,1,0.72439
92,14,5.0,430.78,155.38,264.6,1,1,0.87106
93,0,290.96,499.0,168.25,281.87,1,1,0.84424
93,3,608.08,425.61,131.9,269.57,1,1,0.68517
93,5,311.2,173.39,216.05,245.84,1,1,0.91264
93,6,49.49,470.56,143.06,280.41,1,1,0.85748
93,7,522.04,410.66,120.68,269.32,1,1,0.75553
93,9,1610.68,740.46,204.43,311.09,1,1,0.94002
93,10,1110.49,352.66,228.24,227.65,1,1,0.91112
93,11,1236.85,145.96,184.54,211.09,1,1,0.91442
93,15,112.28,423.99,201.12,236.88,1,1,0.90583
93,13,1091.15,525.13,271.94,225.73,1,1,0.92535
93,22,409.42,-0.75,192.36,182.64,1,1,0.89633
93,19,643.2,22.73,188.53,224.11,1,1,0.89193
93,12,419.92,415.29,122.82,264.45,1,1,0.85373
93,20,342.58,0.71,196.36,76.63,1,1,0.81325
93,14,-19.0,436.16,110.62,269.67,1,1,0.87389
94,0,278.94,496.99,171.79,280.33,1,1,0.83905
94,3,607.48,423.15,124.83,271.45,1,1,0.67773
94,5,305.24,172.7,219.87,246.53,1,1,0.91359
94,6,40.92,473.68,145.91,278.76,1,1,0.85624
94,7,521.91,409.07,118.5,274.32,1,1,0.75706
94,9,1616.79,743.56,205.92,306.24,1,1,0.93862
94,10,1110.64,351.0,231.93,231.47,1,1,0.91127
94,11,1236.87,143.93,189.11,212.24,1,1,0.91282
94,15,107.26,424.96,197.57,239.51,1,1,0.90421
94,13,1092.38,524.47,280.73,228.87,1,1,0.92408
94,22,426.32,-1.02,185.15,181.89,1,1,0.8997
94,19,650.24,21.61,184.48,223.04,1,1,0.89421
94,12,416.62,416.66,124.48,266.05,1,1,0.85134
94,20,346.43,0.21,191.98,77.13,1,1,0.81772
94,14,-7.73,437.18,92.09,271.61,1,1,0.8735
95,0,101.22,500.67,156.27,277.61,1,1,0.83836
95,3,448.15,407.74,123.99,287.9,1,1,0.80274
95,5,133.94,168.74,198.11,241.75,1,1,0.8939
95,9,1486.53,734.79,222.69,310.68,1,1,0.93638
95,10,958.84,342.15,248.93,231.32,1,1,0.89011
95,11,1083.43,132.62,206.71,218.35,1,1,0.89851
95,15,-20.23,427.66,134.59,237.66,1,1,0.85557
95,13,949.86,526.47,273.02,245.09,1,1,0.92711
95,22,304.96,-2.02,198.32,173.88,1,1,0.89377
95,19,502.38,15.6,214.48,223.9,1,1,0.91218
95,12,255.02,416.57,126.38,266.93,1,1,0.80212
95,20,220.96,-1.02,196.1,67.14,1,1,0.78344
95,2,177.37,447.86,106.31,220.63,1,1,0.76518
96,0,27.95,503.06,137.55,273.62,1,1,0.69611
96,3,365.16,400.14,125.08,283.92,1,1,0.85091
96,5,46.59,167.0,172.63,240.51,1,1,0.88306
96,9,1438.64,732.18,228.04,318.27,1,1,0.92259
96,10,893.24,338.04,253.62,234.95,1,1,0.88039
96,11,1009.57,123.59,224.39,226.93,1,1,0.90105
96,13,894.28,533.12,253.3,252.9,1,1,0.92382
96,22,251.23,-1.02,212.21,170.63,1,1,0.8567
96,19,435.76,11.69,231.82,225.57,1,1,0.91429
96,12,184.45,421.89,151.68,272.03,1,1,0.73199
97,3,263.44,398.52,129.18,295.09,1,1,0.78649
97,5,-14.97,169.59,116.88,239.07,1,1,0.83111
97,9,1394.26,727.53,218.73,330.09,1,1,0.87759
97,10,811.18,337.9,258.3,235.14,1,1,0.89938
97,11,921.61,116.12,240.39,237.91,1,1,0.86282
97,13,825.91,538.09,241.87,258.75,1,1,0.91378
97,22,182.14,0.15,223.21,166.3,1,1,0.84434
97,19,363.64,9.12,236.47,220.45,1,1,0.90106
97,12,104.46,431.6,153.5,264.68,1,1,0.77469
97,7,193.4,392.31,95.94,152.64,1,1,0.72532
97,2,1.61,443.0,108.96,284.0,1,1,0.70456
98,3,172.55,394.71,128.07,304.44,1,1,0.65921
98,9,1376.56,721.3,194.03,333.81,1,1,0.86597
98,10,755.61,336.16,247.14,233.85,1,1,0.88049
98,11,847.52,107.59,258.6,248.01,1,1,0.89047
98,13,757.78,539.71,240.87,260.1,1,1,0.91094
98,22,128.26,-0.46,227.94,152.63,1,1,0.86235
98,19,311.14,4.76,227.09,212.91,1,1,0.88095
98,12,16.98,432.49,165.44,259.76,1,1,0.82051
98,7,97.28,382.94,103.9,209.09,1,1,0.68671
99,9,1334.03,720.39,198.93,330.94,1,1,0.86269
99,10,704.87,338.42,234.1,231.4,1,1,0.89835
99,11,787.35,106.84,264.91,246.75,1,1,0.87681
99,13,686.97,542.52,250.72,260.06,1,1,0.91005
99,22,93.17,0.07,210.28,144.96,1,1,0.83726
99,19,276.05,2.27,205.77,209.44,1,1,0.86425
99,12,-21.35,425.26,133.68,289.07,1,1,0.71124
100,9,1277.6,717.51,215.2,336.27,1,1,0.8804
100,10,644.52,344.14,233.59,229.36,1,1,0.89951
100,11,736.29,109.64,261.73,243.4,1,1,0.8804
100,13,618.61,546.59,267.22,259.33,1,1,0.91282
100,22,66.84,0.55,184.89,141.73,1,1,0.77147
100,19,238.22,1.59,188.57,209.87,1,1,0.82249
100,3,3.54,395.91,154.86,322.26,1,1,0.80322
101,9,1234.05,723.36,223.78,330.48,1,1,0.92271
101,10,589.24,347.04,240.75,229.82,1,1,0.89743
101,11,695.01,109.94,247.69,239.78,1,1,0.86967
101,13,568.89,549.18,271.99,256.36,1,1,0.91184
101,19,186.67,0.21,200.83,210.44,1,1,0.82496
101,3,-25.33,372.02,99.58,365.08,1,1,0.72899
102,9,1213.89,726.49,230.24,325.58,1,1,0.92688
102,10,548.27,346.58,248.52,235.56,1,1,0.89122
102,11,659.13,108.09,241.77,239.1,1,1,0.8892
102,13,542.89,545.38,271.97,266.14,1,1,0.90874
102,19,149.64,-1.25,214.65,206.54,1,1,0.83021
102,22,6.67,-0.98,168.61,133.09,1,1,0.71456
103,9,1214.26,731.38,226.63,326.48,1,1,0.92757
103,10,537.61,347.73,232.38,244.32,1,1,0.88673
103,11,632.28,110.31,237.5,238.73,1,1,0.89597
103,13,536.88,547.51,263.2,274.51,1,1,0.92424
103,19,128.91,-0.52,224.72,202.24,1,1,0.7914
103,22,0.41,-0.57,170.93,132.68,1,1,0.71939
104,9,1240.86,735.82,210.19,324.85,1,1,0.93381
104,10,543.63,346.92,219.29,258.07,1,1,0.88832
104,11,617.78,112.64,235.84,237.27,1,1,0.91459
104,13,552.0,548.04,246.19,279.7,1,1,0.92325
104,19,129.71,-0.36,220.73,194.19,1,1,0.81462
104,22,2.87,-0.61,184.59,119.67,1,1,0.73961
105,9,1255.74,736.75,203.8,324.26,1,1,0.93361
105,10,551.63,345.92,214.52,263.34,1,1,0.88834
105,11,618.34,112.95,235.16,236.67,1,1,0.91454
105,13,563.45,547.5,239.68,281.65,1,1,0.92314
105,19,135.72,-0.78,218.93,191.3,1,1,0.81516
105,22,9.38,-1.03,189.65,114.8,1,1,0.7396
106,9,1295.17,732.91,181.73,325.55,1,1,0.89513
106,10,553.52,344.0,217.71,269.65,1,1,0.89409
106,11,621.12,109.44,227.99,236.97,1,1,0.91236
106,13,588.0,546.06,224.15,281.89,1,1,0.89627
107,9,1341.52,733.35,156.68,323.99,1,1,0.91237
107,10,573.38,344.48,203.19,275.16,1,1,0.90237
107,11,634.54,107.41,212.0,237.85,1,1,0.9054
107,13,614.32,546.47,207.86,280.36,1,1,0.90354
108,9,1345.66,733.24,165.44,323.52,1,1,0.92433
108,10,582.54,347.4,193.72,276.32,1,1,0.90264
108,11,644.92,107.81,195.8,240.54,1,1,0.89316
108,13,613.79,548.19,214.71,279.72,1,1,0.91938
108,22,72.74,-1.4,192.69,118.33,1,1,0.68322
109,9,1319.03,720.95,202.83,319.65,1,1,0.92191
109,10,547.43,342.22,215.81,279.86,1,1,0.89375
109,11,628.29,102.84,189.06,239.83,1,1,0.88694
109,13,575.73,541.52,235.99,282.66,1,1,0.91493
109,19,180.77,-1.75,216.95,182.99,1,1,0.72169
110,9,1317.15,719.15,224.45,312.23,1,1,0.94455
110,10,524.14,344.01,232.93,269.55,1,1,0.90223
110,11,613.53,105.95,197.24,239.29,1,1,0.89006
110,13,569.14,545.02,237.1,280.85,1,1,0.92948
110,19,185.23,-0.12,211.86,182.7,1,1,0.75337
110,22,62.68,-1.49,200.75,111.36,1,1,0.67339
111,9,1339.87,713.92,223.85,314.97,1,1,0.93493
111,10,521.54,342.32,240.98,265.68,1,1,0.93023
111,11,608.68,103.94,202.3,240.39,1,1,0.91779
111,13,586.51,546.95,229.63,280.14,1,1,0.94875
112,9,1383.23,701.53,192.48,322.67,1,1,0.92091
112,10,538.89,335.79,239.69,260.62,1,1,0.93233
112,11,622.65,95.08,203.04,239.59,1,1,0.9136
112,13,627.47,543.06,213.72,283.86,1,1,0.94483
113,9,1436.75,710.51,153.28,316.4,1,1,0.89509
113,10,566.41,336.76,229.45,261.79,1,1,0.93793
113,11,638.22,91.08,202.52,236.21,1,1,0.92652
113,13,672.21,545.63,190.74,288.35,1,1,0.94451
113,19,296.29,-0.64,148.11,178.64,1,1,0.85394
114,9,1494.02,716.19,123.91,312.79,1,1,0.93886
114,10,603.17,340.31,211.7,264.58,1,1,0.94213
114,11,659.15,88.41,201.28,235.87,1,1,0.93751
114,13,706.4,550.63,185.36,288.37,1,1,0.94673
114,19,318.65,0.95,150.08,178.15,1,1,0.85489
115,9,1521.38,710.15,133.76,312.75,1,1,0.93437
115,10,652.24,337.02,184.78,266.62,1,1,0.92602
115,11,696.39,81.16,184.71,235.87,1,1,0.93788
115,13,721.37,545.18,203.52,289.6,1,1,0.94111
115,19,335.7,-1.03,160.15,171.76,1,1,0.85996
116,9,1531.21,702.65,161.8,319.67,1,1,0.92128
116,10,674.42,337.34,188.51,267.55,1,1,0.90843
116,11,739.06,77.74,164.17,235.87,1,1,0.90036
116,13,730.72,544.74,218.32,287.49,1,1,0.91881
117,9,1543.28,698.57,192.69,325.94,1,1,0.92507
117,10,685.48,341.63,197.75,268.34,1,1,0.90504
117,11,758.01,79.81,176.5,237.88,1,1,0.907
117,13,745.56,541.78,230.93,290.01,1,1,0.92296
118,9,1576.26,694.74,216.96,326.21,1,1,0.90907
118,10,710.63,344.62,220.07,269.81,1,1,0.90965
118,11,782.32,80.53,199.32,241.02,1,1,0.90429
118,13,788.52,544.03,233.47,282.72,1,1,0.91274
119,9,1652.03,696.74,238.02,307.48,1,1,0.89691
119,10,783.74,345.6,236.17,272.07,1,1,0.90551
119,11,842.79,78.83,223.22,245.49,1,1,0.90743
119,13,886.23,540.87,224.96,281.81,1,1,0.89119
120,9,1765.69,649.15,192.02,335.71,1,1,0.83251
120,10,899.72,344.44,236.1,280.28,1,1,0.8988
120,11,940.78,71.64,234.15,248.8,1,1,0.91726
120,13,1028.17,537.83,201.78,281.99,1,1,0.87509
121,10,1037.11,349.62,208.46,289.68,1,1,0.85808
121,11,1055.25,72.62,217.69,245.31,1,1,0.90967
121,13,1164.4,542.99,187.57,282.24,1,1,0.8928
122,10,1142.88,350.35,185.55,290.79,1,1,0.89797
122,11,1156.06,68.52,196.4,247.06,1,1,0.90657
122,13,1249.01,541.58,189.09,282.01,1,1,0.90053
123,10,1204.38,350.51,182.13,288.86,1,1,0.89213
123,11,1216.02,62.63,180.01,250.02,1,1,0.87741
123,13,1271.45,537.54,206.18,282.27,1,1,0.9132
124,10,1223.93,352.01,183.15,289.74,1,1,0.88055
124,11,1252.11,61.22,174.18,253.27,1,1,0.88718
124,13,1279.37,534.6,228.98,285.61,1,1,0.91064
125,10,1233.42,351.55,209.44,291.17,1,1,0.91201
125,11,1269.3,60.83,176.62,257.28,1,1,0.89279
125,13,1293.75,534.78,249.66,284.25,1,1,0.92782
126,10,1247.9,353.41,223.23,288.08,1,1,0.89387
126,11,1291.48,63.36,175.89,256.47,1,1,0.89563
126,13,1317.87,538.75,262.05,279.26,1,1,0.92744
126,19,1020.36,0.1,153.98,133.75,1,1,0.71279
127,10,1257.61,348.29,233.02,277.81,1,1,0.90002
127,11,1301.64,58.64,180.11,250.35,1,1,0.91571
127,13,1336.79,535.58,255.97,279.57,1,1,0.937
128,10,1245.25,346.1,227.43,278.06,1,1,0.91841
128,11,1290.01,58.27,175.41,243.88,1,1,0.94362
128,13,1332.0,534.76,238.58,283.65,1,1,0.9426
128,19,1014.83,-0.3,171.02,130.2,1,1,0.76252
129,10,1202.12,349.59,218.2,276.7,1,1,0.90711
129,11,1248.13,60.15,168.3,236.77,1,1,0.92699
129,13,1293.34,535.16,235.0,284.22,1,1,0.93198
129,19,960.08,0.73,180.77,118.29,1,1,0.85216
131,26,973.99,520.09,199.0,292.83,1,1,0.93792
131,27,894.0,346.97,168.89,271.27,1,1,0.89873
131,28,930.38,49.94,153.23,251.86,1,1,0.91897
131,22,668.62,0.02,164.56,98.12,1,1,0.69549
132,26,866.99,512.73,193.46,295.26,1,1,0.92379
132,27,777.95,333.34,165.08,282.14,1,1,0.90082
132,28,808.18,47.62,147.33,248.69,1,1,0.88759
132,30,1571.44,624.57,115.77,293.86,1,1,0.90834
133,26,818.22,502.4,195.68,305.91,1,1,0.91202
133,27,717.64,327.8,168.83,292.47,1,1,0.90724
133,28,736.17,46.29,159.06,257.19,1,1,0.8957
133,30,1510.8,629.03,137.35,297.36,1,1,0.90416
133,22,496.89,-0.36,162.85,110.2,1,1,0.76458
134,26,775.59,500.23,202.53,303.37,1,1,0.90375
134,27,666.49,325.34,185.83,294.36,1,1,0.88961
134,28,683.33,47.47,171.91,255.53,1,1,0.87799
134,30,1461.55,636.34,162.07,292.7,1,1,0.88177
134,22,443.3,1.36,185.41,118.74,1,1,0.81497
135,26,719.13,497.63,213.9,287.89,1,1,0.90789
135,27,608.64,319.6,194.3,283.47,1,1,0.89314
135,28,630.18,43.94,166.76,242.95,1,1,0.8984
135,30,1386.27,634.69,195.5,280.64,1,1,0.89636
135,22,390.78,-0.59,192.74,110.18,1,1,0.77097
136,26,642.68,495.72,215.56,281.53,1,1,0.91898
136,27,531.97,318.9,188.91,266.4,1,1,0.89107
136,28,556.11,43.59,150.21,226.13,1,1,0.89661
136,30,1282.28,633.94,221.67,276.22,1,1,0.92801
136,22,320.87,0.15,183.51,99.93,1,1,0.74921
137,26,595.03,504.47,206.34,284.72,1,1,0.87513
137,27,480.21,326.9,174.32,262.18,1,1,0.82551
137,28,501.33,51.1,151.99,221.87,1,1,0.86382
137,30,1198.54,641.46,241.24,273.2,1,1,0.8967
137,22,269.83,3.14,161.22,108.31,1,1,0.76755
138,26,606.6,503.91,202.91,285.79,1,1,0.87694
138,27,490.55,326.07,168.37,260.33,1,1,0.82631
138,28,510.07,50.13,152.48,220.44,1,1,0.86579
138,30,1197.68,640.31,248.41,272.19,1,1,0.89822
138,22,279.94,0.39,152.36,111.07,1,1,0.76851
139,26,576.9,507.2,171.87,286.21,1,1,0.86094
139,27,454.83,330.34,155.19,264.03,1,1,0.87616
139,28,461.02,53.98,155.51,227.87,1,1,0.87896
139,30,1143.67,641.31,238.42,273.26,1,1,0.90345
139,22,250.17,0.65,130.44,119.52,1,1,0.77513
140,26,570.13,506.51,141.46,285.53,1,1,0.86336
140,27,448.93,329.11,138.23,271.98,1,1,0.87697
140,28,425.54,48.6,153.74,236.13,1,1,0.8653
140,30,1114.02,636.36,221.17,273.86,1,1,0.90311
140,22,224.63,-0.72,134.67,124.64,1,1,0.83845
141,26,578.49,508.01,115.6,288.29,1,1,0.81485
141,27,440.48,331.29,126.76,278.29,1,1,0.84982
141,28,403.75,49.39,152.41,242.29,1,1,0.86692
141,30,1104.22,636.13,202.0,276.51,1,1,0.89029
141,22,203.72,1.07,152.07,134.76,1,1,0.80169
142,26,564.47,507.7,118.45,288.63,1,1,0.84515
142,27,420.18,328.27,128.13,285.34,1,1,0.8507
142,28,382.64,47.53,152.12,237.26,1,1,0.8507
142,30,1102.1,632.59,176.9,279.89,1,1,0.883
142,22,188.4,1.08,165.97,132.69,1,1,0.79946
142,31,1844.32,1.8,67.72,249.48,1,1,0.87783
143,26,543.6,505.77,139.38,290.71,1,1,0.87132
143,27,397.75,325.12,136.43,285.87,1,1,0.87239
143,28,366.52,47.46,143.59,229.74,1,1,0.81779
143,30,1108.9,630.73,147.41,279.36,1,1,0.87003
143,22,176.21,0.72,165.01,126.48,1,1,0.7793
143,31,1807.15,1.99,97.47,241.65,1,1,0.88467
144,26,532.99,501.65,157.71,288.53,1,1,0.8912
144,27,384.34,320.56,140.17,274.64,1,1,0.85615
144,28,368.64,45.66,128.04,223.99,1,1,0.83908
144,30,1110.74,622.73,136.76,282.93,1,1,0.88471
144,22,185.45,-0.61,154.05,121.62,1,1,0.7969
144,31,1775.67,0.77,121.73,235.92,1,1,0.88142
145,26,533.79,500.85,179.9,281.05,1,1,0.90586
145,27,390.36,321.2,153.41,257.52,1,1,0.87909
145,28,386.65,46.94,115.33,221.36,1,1,0.84437
145,30,1116.18,623.49,133.24,279.96,1,1,0.9051
145,22,214.18,0.7,145.37,123.63,1,1,0.77875
145,31,1762.05,1.56,126.93,219.82,1,1,0.91964
146,26,549.46,502.7,186.15,272.53,1,1,0.88927
146,27,410.04,323.35,140.53,246.58,1,1,0.82943
146,28,389.9,47.79,136.61,228.53,1,1,0.856
146,30,1118.45,624.26,146.58,279.88,1,1,0.89618
146,22,240.57,1.64,149.43,130.7,1,1,0.76267
146,31,1756.03,1.74,125.82,210.57,1,1,0.90426
147,26,571.18,510.19,182.92,269.79,1,1,0.88886
147,27,438.7,329.76,129.36,253.41,1,1,0.85894
147,28,397.04,51.25,154.54,232.83,1,1,0.88462
147,30,1127.75,629.23,153.59,276.24,1,1,0.8807
147,22,260.12,3.36,157.93,140.08,1,1,0.84819
147,31,1749.53,2.67,124.57,216.05,1,1,0.89484
148,26,602.28,521.86,168.87,269.23,1,1,0.88079
148,27,473.85,339.42,116.64,257.08,1,1,0.87762
148,28,408.41,58.86,165.24,235.25,1,1,0.90216
148,30,1142.53,635.75,164.06,272.16,1,1,0.88836
148,22,283.14,4.29,169.51,146.55,1,1,0.87482
148,31,1738.96,2.92,126.46,230.0,1,1,0.90643
148,32,208.23,2.47,144.83,81.01,1,1,0.77594
149,26,645.36,536.37,137.95,266.46,1,1,0.83343
149,27,502.53,350.44,110.68,261.92,1,1,0.86915
149,28,429.59,71.85,167.67,231.97,1,1,0.89575
149,30,1166.48,648.61,159.36,269.25,1,1,0.87868
149,22,312.83,5.54,176.89,155.95,1,1,0.84999
149,31,1733.77,5.67,124.11,245.59,1,1,0.89095
149,32,244.79,4.52,131.79,103.5,1,1,0.67669
150,26,681.86,554.2,113.92,266.35,1,1,0.86844
150,27,529.96,365.69,101.43,263.89,1,1,0.86045
150,28,461.06,91.53,157.78,225.91,1,1,0.89011
150,30,1195.25,669.3,144.38,267.67,1,1,0.88475
150,22,351.01,7.97,177.29,176.06,1,1,0.86098
150,31,1731.47,21.03,118.02,254.35,1,1,0.88585
150,32,287.96,6.47,121.6,127.78,1,1,0.66814
151,26,706.87,571.69,113.87,264.03,1,1,0.874
151,27,552.78,381.48,100.25,263.19,1,1,0.86387
151,28,499.25,117.12,141.62,224.43,1,1,0.87052
151,30,1224.51,691.04,125.82,261.49,1,1,0.87342
151,22,404.39,20.58,159.42,191.93,1,1,0.81528
151,31,1726.7,41.31,112.31,254.78,1,1,0.87591
151,32,307.41,6.49,103.25,149.28,1,1,0.661
152,26,727.54,583.46,112.48,262.18,1,1,0.86306
152,27,568.6,399.51,118.78,252.61,1,1,0.86468
152,28,539.82,143.91,130.55,221.7,1,1,0.86839
152,30,1255.48,710.14,107.79,253.05,1,1,0.84657
152,22,461.65,39.86,146.93,200.39,1,1,0.84148
152,31,1718.19,64.0,105.36,238.97,1,1,0.87238
152,32,337.58,9.32,132.15,174.66,1,1,0.79928
153,26,741.21,592.86,113.57,259.63,1,1,0.883
153,27,584.33,418.88,132.23,237.71,1,1,0.88362
153,28,575.18,171.56,117.85,219.98,1,1,0.8707
153,30,1267.37,727.69,111.01,244.83,1,1,0.85423
153,22,496.81,64.77,143.9,202.64,1,1,0.85362
153,31,1707.9,87.67,100.13,222.64,1,1,0.86658
153,32,375.75,30.55,119.83,181.72,1,1,0.75782
153,34,411.4,16.01,126.45,172.45,1,1,0.79922
154,26,761.8,601.49,113.28,250.77,1,1,0.8778
154,27,603.71,434.6,131.52,222.75,1,1,0.88419
154,28,600.31,193.76,111.0,216.31,1,1,0.87766
154,30,1270.78,739.22,117.44,238.73,1,1,0.8789
154,22,522.91,90.07,159.97,195.14,1,1,0.85589
154,31,1698.43,110.5,97.98,217.56,1,1,0.86524
154,32,395.93,55.64,122.53,182.72,1,1,0.85595
154,34,457.65,41.79,109.82,158.92,1,1,0.83492
155,26,782.22,612.31,113.53,236.49,1,1,0.87327
155,27,624.03,451.31,125.54,216.0,1,1,0.86811
155,28,619.33,216.9,110.35,206.98,1,1,0.87505
155,30,1269.79,746.86,125.52,239.31,1,1,0.88318
155,22,546.52,115.93,170.02,180.67,1,1,0.86556
155,31,1684.43,133.08,100.79,214.98,1,1,0.86934
155,32,422.46,83.12,112.2,179.87,1,1,0.84967
155,34,492.35,70.27,109.29,157.56,1,1,0.82226
156,26,798.86,623.35,117.86,224.69,1,1,0.88945
156,27,644.68,466.04,121.7,217.64,1,1,0.84394
156,28,640.68,238.07,109.64,191.41,1,1,0.86963
156,30,1270.19,754.47,133.72,238.07,1,1,0.88253
156,22,607.38,143.38,135.04,149.1,1,1,0.80143
156,31,1671.44,155.71,99.15,212.22,1,1,0.87326
156,32,453.34,108.23,98.9,179.98,1,1,0.84344
156,34,535.56,97.59,97.38,173.1,1,1,0.80433
156,37,1846.35,171.18,75.13,195.55,1,1,0.88255
157,26,815.68,636.47,115.49,220.84,1,1,0.8948
157,27,672.86,481.09,109.7,218.39,1,1,0.85313
157,28,665.67,259.86,103.29,183.26,1,1,0.86483
157,30,1274.26,767.01,138.29,232.54,1,1,0.88142
157,22,652.65,171.42,106.87,129.72,1,1,0.81362
157,31,1658.32,176.66,97.26,212.3,1,1,0.88195
157,32,482.27,134.29,85.22,180.41,1,1,0.85499
157,34,578.36,124.36,86.56,169.94,1,1,0.837
157,37,1831.96,187.26,91.21,196.99,1,1,0.90131
158,26,828.72,651.23,108.96,217.54,1,1,0.88854
158,27,693.33,495.58,102.31,219.05,1,1,0.8723
158,28,695.21,276.62,89.97,185.24,1,1,0.78747
158,30,1284.29,781.6,131.45,225.7,1,1,0.86434
158,22,686.58,199.36,95.47,122.52,1,1,0.80004
158,31,1643.84,195.01,96.24,213.73,1,1,0.85347
158,32,503.74,159.98,76.53,178.38,1,1,0.8459
158,34,601.57,152.83,92.61,165.23,1,1,0.84974
158,37,1813.25,206.31,99.43,194.52,1,1,0.85692
159,26,842.97,667.85,102.91,213.8,1,1,0.89125
159,27,709.19,510.66,97.6,219.11,1,1,0.88406
159,28,722.95,301.4,78.93,179.91,1,1,0.8339
159,30,1296.44,799.15,123.33,218.49,1,1,0.87999
159,22,717.54,225.51,87.18,114.16,1,1,0.81358
159,31,1630.26,214.98,94.09,206.61,1,1,0.8701
159,32,525.57,186.17,71.39,177.27,1,1,0.84803
159,34,617.13,177.44,114.26,165.39,1,1,0.86995
159,37,1795.6,226.39,100.26,182.74,1,1,0.87628
160,26,857.69,686.69,100.27,212.68,1,1,0.88656
160,27,725.05,529.88,93.04,213.29,1,1,0.87904
160,28,742.48,327.53,77.89,177.05,1,1,0.83414
160,30,1315.39,816.9,111.93,214.36,1,1,0.86563
160,22,740.18,255.06,87.09,113.62,1,1,0.83106
160,31,1618.61,240.75,91.03,192.04,1,1,0.86102
160,32,543.26,218.68,79.16,172.57,1,1,0.84891
160,34,635.96,206.64,123.6,161.36,1,1,0.8598
160,37,1779.37,251.52,98.85,170.49,1,1,0.86552
161,26,871.75,704.68,95.15,209.78,1,1,0.87639
161,27,741.01,547.11,90.05,206.17,1,1,0.87099
161,28,754.14,343.81,88.2,182.47,1,1,0.84394
161,30,1335.57,833.47,99.71,211.67,1,1,0.85797
161,22,769.87,280.81,80.82,104.35,1,1,0.77274
161,31,1607.12,266.01,85.57,187.78,1,1,0.8642
161,32,562.33,249.13,81.18,172.22,1,1,0.85614
161,34,666.03,235.1,121.09,148.59,1,1,0.7921
161,37,1766.68,276.73,96.22,166.94,1,1,0.86366
162,26,887.99,716.74,89.96,208.76,1,1,0.88303
162,27,754.26,564.53,88.78,191.89,1,1,0.87182
162,28,764.12,369.41,96.7,170.86,1,1,0.8685
162,30,1342.75,845.72,99.08,211.21,1,1,0.87093
162,22,790.71,305.0,81.91,104.71,1,1,0.74008
162,31,1593.83,290.12,80.97,186.51,1,1,0.86271
162,32,578.24,277.66,85.23,168.88,1,1,0.84274
162,34,708.39,262.76,104.08,139.86,1,1,0.78918
162,37,1756.15,300.0,91.31,167.27,1,1,0.85664
163,26,902.16,728.03,92.22,204.08,1,1,0.87601
163,27,766.65,579.48,88.53,185.72,1,1,0.8539
163,28,778.62,387.59,99.01,158.54,1,1,0.85713
163,30,1343.8,857.05,104.37,208.61,1,1,0.87878
163,22,804.89,326.25,93.85,132.22,1,1,0.77735
163,31,1582.92,310.37,79.25,187.39,1,1,0.85971
163,32,588.43,302.14,90.3,166.99,1,1,0.8391
163,34,735.34,287.66,101.6,137.88,1,1,0.8426
163,37,1748.2,321.69,86.15,166.6,1,1,0.86475
164,26,910.92,736.85,92.03,198.83,1,1,0.8712
164,27,780.09,591.67,88.75,191.24,1,1,0.85502
164,28,795.94,404.76,92.53,153.8,1,1,0.84456
164,30,1342.77,867.97,109.18,204.79,1,1,0.88583
164,22,834.45,345.6,86.19,141.62,1,1,0.80162
164,31,1570.43,328.47,76.68,186.97,1,1,0.86317
164,32,592.63,324.94,106.49,163.86,1,1,0.87046
164,34,773.13,310.34,89.43,145.61,1,1,0.83473
164,37,1733.07,341.1,81.94,164.42,1,1,0.86892
165,26,920.76,744.19,90.25,186.52,1,1,0.88118
165,27,794.32,601.16,84.34,190.3,1,1,0.83653
165,28,815.91,419.93,83.76,150.69,1,1,0.83295
165,30,1345.11,873.43,114.85,203.2,1,1,0.88945
165,22,849.1,363.69,86.38,147.3,1,1,0.79715
165,31,1559.25,342.19,73.13,189.38,1,1,0.85407
165,32,599.2,344.12,112.75,162.1,1,1,0.87096
165,34,790.9,330.74,92.21,138.68,1,1,0.84902
165,37,1719.7,355.0,77.22,164.1,1,1,0.86272
165,38,1865.27,152.5,55.31,162.97,1,1,0.80439
166,26,928.22,752.04,86.4,179.79,1,1,0.86365
166,27,804.82,608.84,79.02,201.68,1,1,0.82923
166,28,832.62,429.33,78.62,152.24,1,1,0.82191
166,30,1349.74,879.8,124.38,199.9,1,1,0.87551
166,22,871.33,377.46,77.42,150.02,1,1,0.78815
166,31,1554.22,353.65,70.2,187.61,1,1,0.83619
166,32,603.12,358.87,117.65,160.75,1,1,0.86881
166,34,801.72,347.05,100.03,132.28,1,1,0.85712
166,37,1712.35,364.5,74.27,166.25,1,1,0.85787
166,38,1857.66,166.58,63.09,160.36,1,1,0.83413
167,26,935.72,760.62,81.95,178.52,1,1,0.85972
167,27,812.29,614.93,73.6,193.74,1,1,0.83874
167,28,844.84,434.0,82.96,155.35,1,1,0.82253
167,30,1362.08,889.78,123.69,190.89,1,1,0.86278
167,22,894.86,387.66,67.65,146.84,1,1,0.78351
167,31,1551.86,361.4,69.39,173.21,1,1,0.83756
167,32,609.93,368.96,115.39,158.04,1,1,0.83819
167,34,816.74,359.48,100.77,123.0,1,1,0.83475
167,37,1712.21,370.97,72.15,160.74,1,1,0.85596
167,38,1850.41,173.93,69.12,156.62,1,1,0.82404
168,26,939.28,768.63,78.95,181.1,1,1,0.87748
168,27,817.75,619.36,72.14,189.7,1,1,0.85615
168,28,849.69,436.34,92.93,160.25,1,1,0.84038
168,30,1382.36,901.88,109.68,178.89,1,1,0.85138
168,22,910.19,393.16,64.34,147.65,1,1,0.78328
168,31,1549.74,368.44,70.58,156.33,1,1,0.84082
168,32,617.38,377.04,106.97,153.45,1,1,0.83237
168,34,838.05,370.64,95.62,134.54,1,1,0.72776
168,37,1712.62,377.36,69.78,149.25,1,1,0.86264
168,38,1847.85,182.75,67.12,150.63,1,1,0.83526
169,26,939.67,776.72,77.88,182.11,1,1,0.87009
169,27,816.36,622.68,74.71,185.9,1,1,0.82254
169,28,853.3,447.65,92.74,153.59,1,1,0.84028
169,30,1396.47,914.29,105.0,166.37,1,1,0.84479
169,22,920.93,399.75,63.99,136.49,1,1,0.75353
169,31,1546.96,376.33,69.72,151.0,1,1,0.84243
169,32,627.09,384.96,101.11,152.93,1,1,0.82292
169,34,852.38,383.43,97.29,139.57,1,1,0.78735
169,37,1707.92,383.83,71.86,147.16,1,1,0.86031
169,38,1840.77,190.81,67.66,146.8,1,1,0.79646
170,26,939.82,782.23,77.31,184.32,1,1,0.86265
170,27,812.61,628.39,80.83,178.7,1,1,0.85012
170,28,856.06,457.5,97.09,144.22,1,1,0.84407
170,30,1410.46,926.08,102.23,154.3,1,1,0.83515
170,22,929.47,406.35,68.35,136.48,1,1,0.79691
170,31,1540.34,383.04,70.98,151.18,1,1,0.84345
170,32,635.28,392.66,88.52,153.8,1,1,0.84868
170,34,861.11,397.67,99.67,138.53,1,1,0.80097
170,37,1697.59,390.73,75.64,149.2,1,1,0.86288
170,38,1829.98,197.77,66.36,144.51,1,1,0.80013
171,26,940.04,787.59,76.36,190.35,1,1,0.86984
171,27,809.93,635.9,83.96,171.84,1,1,0.8646
171,28,862.72,463.47,95.79,144.38,1,1,0.85866
171,30,1420.49,937.0,102.96,143.47,1,1,0.83175
171,22,940.85,412.06,69.44,141.04,1,1,0.82649
171,31,1532.96,389.8,72.87,152.92,1,1,0.84539
171,32,644.84,402.74,74.15,155.04,1,1,0.85134
171,34,868.5,418.5,97.01,131.86,1,1,0.77283
171,37,1688.77,398.05,77.89,151.65,1,1,0.8682
171,38,1820.66,206.05,62.95,144.67,1,1,0.80625
172,26,939.09,792.12,76.38,191.97,1,1,0.86191
172,27,809.58,644.01,81.53,167.77,1,1,0.86411
172,28,867.93,466.24,88.77,148.7,1,1,0.86484
172,30,1436.74,947.35,98.42,132.59,1,1,0.74873
172,22,936.79,420.45,78.46,146.52,1,1,0.812
172,31,1527.76,393.59,71.65,159.47,1,1,0.84274
172,32,649.73,411.16,63.82,156.71,1,1,0.84842
172,34,907.73,420.86,70.0,138.47,1,1,0.66348
172,37,1682.96,403.27,76.66,155.48,1,1,0.8659
172,38,1809.45,213.6,60.18,145.3,1,1,0.81315
173,26,937.3,795.05,78.25,185.72,1,1,0.86977
173,27,809.73,649.14,81.09,168.46,1,1,0.86273
173,28,878.26,467.97,78.52,154.56,1,1,0.85563
173,30,1451.77,954.98,90.77,123.77,1,1,0.73173
173,22,946.44,424.96,70.21,148.02,1,1,0.69074
173,31,1524.22,395.26,71.15,160.92,1,1,0.84476
173,32,648.93,415.49,60.48,160.84,1,1,0.84955
173,37,1676.13,404.58,78.24,158.98,1,1,0.86309
173,38,1798.53,216.94,61.93,147.59,1,1,0.78948
174,26,936.67,796.93,79.52,176.22,1,1,0.86715
174,27,811.88,653.27,81.75,169.92,1,1,0.85289
174,28,879.19,469.51,85.1,155.72,1,1,0.86063
174,22,955.38,429.01,71.13,148.27,1,1,0.79005
174,31,1517.71,397.44,72.03,159.7,1,1,0.8277
174,32,646.93,418.12,63.72,164.23,1,1,0.82786
174,37,1671.23,406.08,78.88,154.51,1,1,0.85424
174,38,1781.8,219.43,72.51,147.56,1,1,0.74859
175,26,936.63,798.89,79.08,171.07,1,1,0.87518
175,27,815.51,653.65,81.6,174.63,1,1,0.86518
175,28,885.38,469.5,83.98,159.62,1,1,0.86237
175,22,965.05,431.79,72.75,144.11,1,1,0.80277
175,31,1513.93,399.11,69.69,155.48,1,1,0.83035
175,32,645.16,421.03,70.35,165.12,1,1,0.8482
175,37,1670.08,406.73,76.8,144.04,1,1,0.86251
175,38,1771.7,223.02,78.9,143.68,1,1,0.76629
175,30,1471.43,967.5,82.89,111.03,1,1,0.72597
176,26,938.57,799.2,77.08,171.1,1,1,0.8609
176,27,816.37,650.64,83.13,178.41,1,1,0.86647
176,28,887.74,467.8,88.07,159.37,1,1,0.87498
176,22,978.03,435.51,76.06,136.76,1,1,0.79704
176,31,1509.31,399.72,70.3,150.47,1,1,0.82146
176,32,644.73,423.1,79.29,162.74,1,1,0.82353
176,37,1672.42,405.44,73.02,143.34,1,1,0.85967
176,38,1767.32,226.15,77.19,136.46,1,1,0.77243
176,30,1476.61,971.99,86.76,106.55,1,1,0.68527
177,26,937.99,799.54,76.62,174.47,1,1,0.86779
177,27,815.22,648.26,85.87,184.07,1,1,0.87842
177,28,888.43,467.63,94.46,153.89,1,1,0.87381
177,22,984.2,439.12,82.88,138.47,1,1,0.79346
177,31,1501.89,402.89,72.96,146.43,1,1,0.82605
177,32,643.99,424.43,85.84,162.91,1,1,0.82909
177,37,1674.75,405.87,67.82,146.84,1,1,0.8672
177,38,1763.1,229.26,72.85,133.07,1,1,0.78239
177,34,970.79,433.52,65.64,139.55,1,1,0.69147
178,26,937.95,797.91,74.34,178.95,1,1,0.85886
178,27,814.55,645.1,89.22,185.38,1,1,0.88038
178,28,894.0,467.17,98.63,145.44,1,1,0.84794
178,22,989.54,433.98,74.7,136.8,1,1,0.68432
178,31,1496.04,403.0,71.95,144.12,1,1,0.81929
178,32,644.06,422.19,88.35,165.9,1,1,0.82833
178,37,1674.09,404.77,65.04,149.61,1,1,0.86424
178,38,1754.17,229.02,74.62,131.57,1,1,0.78358
178,34,989.66,445.48,82.05,131.62,1,1,0.82163
178,30,1492.78,976.46,83.98,102.17,1,1,0.6935
179,26,939.3,795.88,72.99,182.73,1,1,0.8492
179,27,816.07,644.9,90.07,181.5,1,1,0.86835
179,28,903.26,468.24,90.01,142.89,1,1,0.82446
179,31,1489.68,404.36,68.49,142.48,1,1,0.80828
179,32,645.93,424.07,86.35,167.8,1,1,0.81872
179,37,1672.42,405.0,61.96,151.44,1,1,0.86624
179,38,1746.18,231.27,73.37,131.51,1,1,0.80034
179,34,1005.91,452.89,83.3,128.94,1,1,0.78412
179,30,1498.89,979.51,82.53,99.7,1,1,0.80268
180,26,941.13,793.45,71.84,185.65,1,1,0.84087
180,27,820.14,645.6,89.38,171.35,1,1,0.87799
180,28,913.85,468.31,82.33,144.66,1,1,0.82814
180,31,1482.59,405.7,70.18,141.85,1,1,0.81996
180,32,649.86,425.8,80.41,168.03,1,1,0.81194
180,37,1671.78,402.9,59.8,154.69,1,1,0.86238
180,38,1738.66,230.93,75.42,131.25,1,1,0.80123
180,30,1506.79,979.16,82.18,99.89,1,1,0.78864
180,22,1014.7,456.41,84.07,127.27,1,1,0.82668
